SOLUTION 1 blocks=19
0 1 2
0 3 4
0 5 6
1 3 7
1 8 9
2 5 10
2 8 11
3 12 13
4 6 14
4 12 15
5 16 17
6 16 18
7 9 16
7 13 18
8 14 15
9 15 17
10 11 13
10 12 17
11 14 18
SOLUTION 2 blocks=19
0 1 2
0 3 4
0 5 6
1 3 7
1 8 9
2 5 10
2 8 11
3 12 13
4 6 14
4 12 15
5 16 17
6 16 18
7 9 17
7 13 16
8 14 18
9 14 15
10 11 12
10 15 17
11 13 18
SOLUTION 3 blocks=19
0 1 2
0 3 4
0 5 6
1 3 7
1 8 9
2 5 10
2 8 11
3 12 13
4 6 14
4 12 15
5 16 17
6 17 18
7 9 16
7 13 17
8 14 18
9 14 15
10 11 12
10 15 16
11 13 18
SOLUTION 4 blocks=19
0 1 2
0 3 4
0 5 6
1 3 7
1 8 9
2 5 10
2 8 11
3 12 13
4 6 14
4 12 15
5 16 17
6 17 18
7 9 17
7 13 18
8 14 15
9 15 16
10 11 13
10 12 16
11 14 18
SOLUTION 5 blocks=19
0 1 2
0 3 4
0 5 6
1 3 7
1 8 9
2 5 10
2 8 11
3 12 13
4 6 14
4 13 15
5 16 17
6 16 18
7 9 16
7 12 18
8 14 15
9 15 17
10 11 12
10 13 17
11 14 18
SOLUTION 6 blocks=19
0 1 2
0 3 4
0 5 6
1 3 7
1 8 9
2 5 10
2 8 11
3 12 13
4 6 14
4 13 15
5 16 17
6 16 18
7 9 17
7 12 16
8 14 18
9 14 15
10 11 13
10 15 17
11 12 18
SOLUTION 7 blocks=19
0 1 2
0 3 4
0 5 6
1 3 7
1 8 9
2 5 10
2 8 11
3 12 13
4 6 14
4 13 15
5 16 17
6 17 18
7 9 16
7 12 17
8 14 18
9 14 15
10 11 13
10 15 16
11 12 18
SOLUTION 8 blocks=19
0 1 2
0 3 4
0 5 6
1 3 7
1 8 9
2 5 10
2 8 11
3 12 13
4 6 14
4 13 15
5 16 17
6 17 18
7 9 17
7 12 18
8 14 15
9 15 16
10 11 12
10 13 16
11 14 18
SOLUTION 9 blocks=19
0 1 2
0 3 4
0 5 6
1 3 7
1 8 9
2 5 10
2 9 11
3 12 13
4 6 14
4 12 15
5 16 17
6 16 18
7 8 16
7 13 18
8 15 17
9 14 15
10 11 13
10 12 17
11 14 18
SOLUTION 10 blocks=19
0 1 2
0 3 4
0 5 6
1 3 7
1 8 9
2 5 10
2 9 11
3 12 13
4 6 14
4 12 15
5 16 17
6 16 18
7 8 17
7 13 16
8 14 15
9 14 18
10 11 12
10 15 17
11 13 18
SOLUTION 11 blocks=19
0 1 2
0 3 4
0 5 6
1 3 7
1 8 9
2 5 10
2 9 11
3 12 13
4 6 14
4 12 15
5 16 17
6 17 18
7 8 16
7 13 17
8 14 15
9 14 18
10 11 12
10 15 16
11 13 18
SOLUTION 12 blocks=19
0 1 2
0 3 4
0 5 6
1 3 7
1 8 9
2 5 10
2 9 11
3 12 13
4 6 14
4 12 15
5 16 17
6 17 18
7 8 17
7 13 18
8 15 16
9 14 15
10 11 13
10 12 16
11 14 18
SOLUTION 13 blocks=19
0 1 2
0 3 4
0 5 6
1 3 7
1 8 9
2 5 10
2 9 11
3 12 13
4 6 14
4 13 15
5 16 17
6 16 18
7 8 16
7 12 18
8 15 17
9 14 15
10 11 12
10 13 17
11 14 18
SOLUTION 14 blocks=19
0 1 2
0 3 4
0 5 6
1 3 7
1 8 9
2 5 10
2 9 11
3 12 13
4 6 14
4 13 15
5 16 17
6 16 18
7 8 17
7 12 16
8 14 15
9 14 18
10 11 13
10 15 17
11 12 18
SOLUTION 15 blocks=19
0 1 2
0 3 4
0 5 6
1 3 7
1 8 9
2 5 10
2 9 11
3 12 13
4 6 14
4 13 15
5 16 17
6 17 18
7 8 16
7 12 17
8 14 15
9 14 18
10 11 13
10 15 16
11 12 18
SOLUTION 16 blocks=19
0 1 2
0 3 4
0 5 6
1 3 7
1 8 9
2 5 10
2 9 11
3 12 13
4 6 14
4 13 15
5 16 17
6 17 18
7 8 17
7 12 18
8 15 16
9 14 15
10 11 12
10 13 16
11 14 18
SOLUTION 17 blocks=19
0 1 2
0 3 4
0 5 6
1 3 7
1 8 9
2 6 10
2 8 11
3 12 13
4 5 14
4 12 15
5 16 17
6 16 18
7 9 16
7 13 17
8 14 15
9 15 18
10 11 13
10 12 18
11 14 17
SOLUTION 18 blocks=19
0 1 2
0 3 4
0 5 6
1 3 7
1 8 9
2 6 10
2 8 11
3 12 13
4 5 14
4 12 15
5 16 17
6 16 18
7 9 18
7 13 16
8 14 17
9 14 15
10 11 12
10 15 18
11 13 17
SOLUTION 19 blocks=19
0 1 2
0 3 4
0 5 6
1 3 7
1 8 9
2 6 10
2 8 11
3 12 13
4 5 14
4 12 15
5 16 17
6 17 18
7 9 17
7 13 16
8 14 15
9 15 18
10 11 13
10 12 18
11 14 16
SOLUTION 20 blocks=19
0 1 2
0 3 4
0 5 6
1 3 7
1 8 9
2 6 10
2 8 11
3 12 13
4 5 14
4 12 15
5 16 17
6 17 18
7 9 18
7 13 17
8 14 16
9 14 15
10 11 12
10 15 18
11 13 16
SOLUTION 21 blocks=19
0 1 2
0 3 4
0 5 6
1 3 7
1 8 9
2 6 10
2 8 11
3 12 13
4 5 14
4 13 15
5 16 17
6 16 18
7 9 16
7 12 17
8 14 15
9 15 18
10 11 12
10 13 18
11 14 17
SOLUTION 22 blocks=19
0 1 2
0 3 4
0 5 6
1 3 7
1 8 9
2 6 10
2 8 11
3 12 13
4 5 14
4 13 15
5 16 17
6 16 18
7 9 18
7 12 16
8 14 17
9 14 15
10 11 13
10 15 18
11 12 17
SOLUTION 23 blocks=19
0 1 2
0 3 4
0 5 6
1 3 7
1 8 9
2 6 10
2 8 11
3 12 13
4 5 14
4 13 15
5 16 17
6 17 18
7 9 17
7 12 16
8 14 15
9 15 18
10 11 12
10 13 18
11 14 16
SOLUTION 24 blocks=19
0 1 2
0 3 4
0 5 6
1 3 7
1 8 9
2 6 10
2 8 11
3 12 13
4 5 14
4 13 15
5 16 17
6 17 18
7 9 18
7 12 17
8 14 16
9 14 15
10 11 13
10 15 18
11 12 16
SOLUTION 25 blocks=19
0 1 2
0 3 4
0 5 6
1 3 7
1 8 9
2 6 10
2 9 11
3 12 13
4 5 14
4 12 15
5 16 17
6 16 18
7 8 16
7 13 17
8 15 18
9 14 15
10 11 13
10 12 18
11 14 17
SOLUTION 26 blocks=19
0 1 2
0 3 4
0 5 6
1 3 7
1 8 9
2 6 10
2 9 11
3 12 13
4 5 14
4 12 15
5 16 17
6 16 18
7 8 18
7 13 16
8 14 15
9 14 17
10 11 12
10 15 18
11 13 17
SOLUTION 27 blocks=19
0 1 2
0 3 4
0 5 6
1 3 7
1 8 9
2 6 10
2 9 11
3 12 13
4 5 14
4 12 15
5 16 17
6 17 18
7 8 17
7 13 16
8 15 18
9 14 15
10 11 13
10 12 18
11 14 16
SOLUTION 28 blocks=19
0 1 2
0 3 4
0 5 6
1 3 7
1 8 9
2 6 10
2 9 11
3 12 13
4 5 14
4 12 15
5 16 17
6 17 18
7 8 18
7 13 17
8 14 15
9 14 16
10 11 12
10 15 18
11 13 16
SOLUTION 29 blocks=19
0 1 2
0 3 4
0 5 6
1 3 7
1 8 9
2 6 10
2 9 11
3 12 13
4 5 14
4 13 15
5 16 17
6 16 18
7 8 16
7 12 17
8 15 18
9 14 15
10 11 12
10 13 18
11 14 17
SOLUTION 30 blocks=19
0 1 2
0 3 4
0 5 6
1 3 7
1 8 9
2 6 10
2 9 11
3 12 13
4 5 14
4 13 15
5 16 17
6 16 18
7 8 18
7 12 16
8 14 15
9 14 17
10 11 13
10 15 18
11 12 17
SOLUTION 31 blocks=19
0 1 2
0 3 4
0 5 6
1 3 7
1 8 9
2 6 10
2 9 11
3 12 13
4 5 14
4 13 15
5 16 17
6 17 18
7 8 17
7 12 16
8 15 18
9 14 15
10 11 12
10 13 18
11 14 16
SOLUTION 32 blocks=19
0 1 2
0 3 4
0 5 6
1 3 7
1 8 9
2 6 10
2 9 11
3 12 13
4 5 14
4 13 15
5 16 17
6 17 18
7 8 18
7 12 17
8 14 15
9 14 16
10 11 13
10 15 18
11 12 16
SOLUTION 33 blocks=19
0 1 2
0 3 4
0 5 6
1 4 7
1 8 9
2 5 10
2 8 11
3 6 12
3 13 14
4 13 15
5 16 17
6 16 18
7 9 16
7 15 18
8 12 14
9 14 17
10 11 15
10 13 17
11 12 18
SOLUTION 34 blocks=19
0 1 2
0 3 4
0 5 6
1 4 7
1 8 9
2 5 10
2 8 11
3 6 12
3 13 14
4 13 15
5 16 17
6 16 18
7 9 17
7 15 16
8 12 18
9 12 14
10 11 13
10 14 17
11 15 18
SOLUTION 35 blocks=19
0 1 2
0 3 4
0 5 6
1 4 7
1 8 9
2 5 10
2 8 11
3 6 12
3 13 14
4 13 15
5 16 17
6 17 18
7 9 16
7 15 17
8 12 18
9 12 14
10 11 13
10 14 16
11 15 18
SOLUTION 36 blocks=19
0 1 2
0 3 4
0 5 6
1 4 7
1 8 9
2 5 10
2 8 11
3 6 12
3 13 14
4 13 15
5 16 17
6 17 18
7 9 17
7 15 18
8 12 14
9 14 16
10 11 15
10 13 16
11 12 18
SOLUTION 37 blocks=19
0 1 2
0 3 4
0 5 6
1 4 7
1 8 9
2 5 10
2 8 11
3 6 12
3 13 14
4 14 15
5 16 17
6 16 18
7 9 16
7 15 18
8 12 13
9 13 17
10 11 15
10 14 17
11 12 18
SOLUTION 38 blocks=19
0 1 2
0 3 4
0 5 6
1 4 7
1 8 9
2 5 10
2 8 11
3 6 12
3 13 14
4 14 15
5 16 17
6 16 18
7 9 17
7 15 16
8 12 18
9 12 13
10 11 14
10 13 17
11 15 18
SOLUTION 39 blocks=19
0 1 2
0 3 4
0 5 6
1 4 7
1 8 9
2 5 10
2 8 11
3 6 12
3 13 14
4 14 15
5 16 17
6 17 18
7 9 16
7 15 17
8 12 18
9 12 13
10 11 14
10 13 16
11 15 18
SOLUTION 40 blocks=19
0 1 2
0 3 4
0 5 6
1 4 7
1 8 9
2 5 10
2 8 11
3 6 12
3 13 14
4 14 15
5 16 17
6 17 18
7 9 17
7 15 18
8 12 13
9 13 16
10 11 15
10 14 16
11 12 18
SOLUTION 41 blocks=19
0 1 2
0 3 4
0 5 6
1 4 7
1 8 9
2 5 10
2 9 11
3 6 12
3 13 14
4 13 15
5 16 17
6 16 18
7 8 16
7 15 18
8 14 17
9 12 14
10 11 15
10 13 17
11 12 18
SOLUTION 42 blocks=19
0 1 2
0 3 4
0 5 6
1 4 7
1 8 9
2 5 10
2 9 11
3 6 12
3 13 14
4 13 15
5 16 17
6 16 18
7 8 17
7 15 16
8 12 14
9 12 18
10 11 13
10 14 17
11 15 18
SOLUTION 43 blocks=19
0 1 2
0 3 4
0 5 6
1 4 7
1 8 9
2 5 10
2 9 11
3 6 12
3 13 14
4 13 15
5 16 17
6 17 18
7 8 16
7 15 17
8 12 14
9 12 18
10 11 13
10 14 16
11 15 18
SOLUTION 44 blocks=19
0 1 2
0 3 4
0 5 6
1 4 7
1 8 9
2 5 10
2 9 11
3 6 12
3 13 14
4 13 15
5 16 17
6 17 18
7 8 17
7 15 18
8 14 16
9 12 14
10 11 15
10 13 16
11 12 18
SOLUTION 45 blocks=19
0 1 2
0 3 4
0 5 6
1 4 7
1 8 9
2 5 10
2 9 11
3 6 12
3 13 14
4 14 15
5 16 17
6 16 18
7 8 16
7 15 18
8 13 17
9 12 13
10 11 15
10 14 17
11 12 18
SOLUTION 46 blocks=19
0 1 2
0 3 4
0 5 6
1 4 7
1 8 9
2 5 10
2 9 11
3 6 12
3 13 14
4 14 15
5 16 17
6 16 18
7 8 17
7 15 16
8 12 13
9 12 18
10 11 14
10 13 17
11 15 18
SOLUTION 47 blocks=19
0 1 2
0 3 4
0 5 6
1 4 7
1 8 9
2 5 10
2 9 11
3 6 12
3 13 14
4 14 15
5 16 17
6 17 18
7 8 16
7 15 17
8 12 13
9 12 18
10 11 14
10 13 16
11 15 18
SOLUTION 48 blocks=19
0 1 2
0 3 4
0 5 6
1 4 7
1 8 9
2 5 10
2 9 11
3 6 12
3 13 14
4 14 15
5 16 17
6 17 18
7 8 17
7 15 18
8 13 16
9 12 13
10 11 15
10 14 16
11 12 18
SOLUTION 49 blocks=19
0 1 2
0 3 4
0 5 6
1 4 7
1 8 9
2 6 10
2 8 11
3 5 12
3 13 14
4 13 15
5 16 17
6 16 18
7 9 16
7 15 17
8 12 14
9 14 18
10 11 15
10 13 18
11 12 17
SOLUTION 50 blocks=19
0 1 2
0 3 4
0 5 6
1 4 7
1 8 9
2 6 10
2 8 11
3 5 12
3 13 14
4 13 15
5 16 17
6 16 18
7 9 18
7 15 16
8 12 17
9 12 14
10 11 13
10 14 18
11 15 17
SOLUTION 51 blocks=19
0 1 2
0 3 4
0 5 6
1 4 7
1 8 9
2 6 10
2 8 11
3 5 12
3 13 14
4 13 15
5 16 17
6 17 18
7 9 17
7 15 16
8 12 14
9 14 18
10 11 15
10 13 18
11 12 16
SOLUTION 52 blocks=19
0 1 2
0 3 4
0 5 6
1 4 7
1 8 9
2 6 10
2 8 11
3 5 12
3 13 14
4 13 15
5 16 17
6 17 18
7 9 18
7 15 17
8 12 16
9 12 14
10 11 13
10 14 18
11 15 16
SOLUTION 53 blocks=19
0 1 2
0 3 4
0 5 6
1 4 7
1 8 9
2 6 10
2 8 11
3 5 12
3 13 14
4 14 15
5 16 17
6 16 18
7 9 16
7 15 17
8 12 13
9 13 18
10 11 15
10 14 18
11 12 17
SOLUTION 54 blocks=19
0 1 2
0 3 4
0 5 6
1 4 7
1 8 9
2 6 10
2 8 11
3 5 12
3 13 14
4 14 15
5 16 17
6 16 18
7 9 18
7 15 16
8 12 17
9 12 13
10 11 14
10 13 18
11 15 17
SOLUTION 55 blocks=19
0 1 2
0 3 4
0 5 6
1 4 7
1 8 9
2 6 10
2 8 11
3 5 12
3 13 14
4 14 15
5 16 17
6 17 18
7 9 17
7 15 16
8 12 13
9 13 18
10 11 15
10 14 18
11 12 16
SOLUTION 56 blocks=19
0 1 2
0 3 4
0 5 6
1 4 7
1 8 9
2 6 10
2 8 11
3 5 12
3 13 14
4 14 15
5 16 17
6 17 18
7 9 18
7 15 17
8 12 16
9 12 13
10 11 14
10 13 18
11 15 16
SOLUTION 57 blocks=19
0 1 2
0 3 4
0 5 6
1 4 7
1 8 9
2 6 10
2 9 11
3 5 12
3 13 14
4 13 15
5 16 17
6 16 18
7 8 16
7 15 17
8 14 18
9 12 14
10 11 15
10 13 18
11 12 17
SOLUTION 58 blocks=19
0 1 2
0 3 4
0 5 6
1 4 7
1 8 9
2 6 10
2 9 11
3 5 12
3 13 14
4 13 15
5 16 17
6 16 18
7 8 18
7 15 16
8 12 14
9 12 17
10 11 13
10 14 18
11 15 17
SOLUTION 59 blocks=19
0 1 2
0 3 4
0 5 6
1 4 7
1 8 9
2 6 10
2 9 11
3 5 12
3 13 14
4 13 15
5 16 17
6 17 18
7 8 17
7 15 16
8 14 18
9 12 14
10 11 15
10 13 18
11 12 16
SOLUTION 60 blocks=19
0 1 2
0 3 4
0 5 6
1 4 7
1 8 9
2 6 10
2 9 11
3 5 12
3 13 14
4 13 15
5 16 17
6 17 18
7 8 18
7 15 17
8 12 14
9 12 16
10 11 13
10 14 18
11 15 16
SOLUTION 61 blocks=19
0 1 2
0 3 4
0 5 6
1 4 7
1 8 9
2 6 10
2 9 11
3 5 12
3 13 14
4 14 15
5 16 17
6 16 18
7 8 16
7 15 17
8 13 18
9 12 13
10 11 15
10 14 18
11 12 17
SOLUTION 62 blocks=19
0 1 2
0 3 4
0 5 6
1 4 7
1 8 9
2 6 10
2 9 11
3 5 12
3 13 14
4 14 15
5 16 17
6 16 18
7 8 18
7 15 16
8 12 13
9 12 17
10 11 14
10 13 18
11 15 17
SOLUTION 63 blocks=19
0 1 2
0 3 4
0 5 6
1 4 7
1 8 9
2 6 10
2 9 11
3 5 12
3 13 14
4 14 15
5 16 17
6 17 18
7 8 17
7 15 16
8 13 18
9 12 13
10 11 15
10 14 18
11 12 16
SOLUTION 64 blocks=19
0 1 2
0 3 4
0 5 6
1 4 7
1 8 9
2 6 10
2 9 11
3 5 12
3 13 14
4 14 15
5 16 17
6 17 18
7 8 18
7 15 17
8 12 13
9 12 16
10 11 14
10 13 18
11 15 16
SOLUTION 65 blocks=19
0 1 2
0 3 4
0 5 6
1 5 7
1 8 9
2 3 10
2 8 11
3 12 13
4 6 14
4 12 15
5 16 17
6 16 18
7 9 12
7 15 17
8 14 18
9 13 18
10 11 17
10 13 16
11 14 15
SOLUTION 66 blocks=19
0 1 2
0 3 4
0 5 6
1 5 7
1 8 9
2 3 10
2 8 11
3 12 13
4 6 14
4 12 15
5 16 17
6 16 18
7 9 13
7 12 17
8 14 15
9 14 18
10 11 16
10 13 18
11 15 17
SOLUTION 67 blocks=19
0 1 2
0 3 4
0 5 6
1 5 7
1 8 9
2 3 10
2 8 11
3 12 13
4 6 14
4 12 15
5 16 17
6 17 18
7 9 12
7 15 16
8 14 18
9 13 18
10 11 16
10 13 17
11 14 15
SOLUTION 68 blocks=19
0 1 2
0 3 4
0 5 6
1 5 7
1 8 9
2 3 10
2 8 11
3 12 13
4 6 14
4 12 15
5 16 17
6 17 18
7 9 13
7 12 16
8 14 15
9 14 18
10 11 17
10 13 18
11 15 16
SOLUTION 69 blocks=19
0 1 2
0 3 4
0 5 6
1 5 7
1 8 9
2 3 10
2 8 11
3 12 13
4 6 14
4 13 15
5 16 17
6 16 18
7 9 12
7 13 17
8 14 15
9 14 18
10 11 16
10 12 18
11 15 17
SOLUTION 70 blocks=19
0 1 2
0 3 4
0 5 6
1 5 7
1 8 9
2 3 10
2 8 11
3 12 13
4 6 14
4 13 15
5 16 17
6 16 18
7 9 13
7 15 17
8 14 18
9 12 18
10 11 17
10 12 16
11 14 15
SOLUTION 71 blocks=19
0 1 2
0 3 4
0 5 6
1 5 7
1 8 9
2 3 10
2 8 11
3 12 13
4 6 14
4 13 15
5 16 17
6 17 18
7 9 12
7 13 16
8 14 15
9 14 18
10 11 17
10 12 18
11 15 16
SOLUTION 72 blocks=19
0 1 2
0 3 4
0 5 6
1 5 7
1 8 9
2 3 10
2 8 11
3 12 13
4 6 14
4 13 15
5 16 17
6 17 18
7 9 13
7 15 16
8 14 18
9 12 18
10 11 16
10 12 17
11 14 15
SOLUTION 73 blocks=19
0 1 2
0 3 4
0 5 6
1 5 7
1 8 9
2 3 10
2 9 11
3 12 13
4 6 14
4 12 15
5 16 17
6 16 18
7 8 12
7 15 17
8 13 18
9 14 18
10 11 17
10 13 16
11 14 15
SOLUTION 74 blocks=19
0 1 2
0 3 4
0 5 6
1 5 7
1 8 9
2 3 10
2 9 11
3 12 13
4 6 14
4 12 15
5 16 17
6 16 18
7 8 13
7 12 17
8 14 18
9 14 15
10 11 16
10 13 18
11 15 17
SOLUTION 75 blocks=19
0 1 2
0 3 4
0 5 6
1 5 7
1 8 9
2 3 10
2 9 11
3 12 13
4 6 14
4 12 15
5 16 17
6 17 18
7 8 12
7 15 16
8 13 18
9 14 18
10 11 16
10 13 17
11 14 15
SOLUTION 76 blocks=19
0 1 2
0 3 4
0 5 6
1 5 7
1 8 9
2 3 10
2 9 11
3 12 13
4 6 14
4 12 15
5 16 17
6 17 18
7 8 13
7 12 16
8 14 18
9 14 15
10 11 17
10 13 18
11 15 16
SOLUTION 77 blocks=19
0 1 2
0 3 4
0 5 6
1 5 7
1 8 9
2 3 10
2 9 11
3 12 13
4 6 14
4 13 15
5 16 17
6 16 18
7 8 12
7 13 17
8 14 18
9 14 15
10 11 16
10 12 18
11 15 17
SOLUTION 78 blocks=19
0 1 2
0 3 4
0 5 6
1 5 7
1 8 9
2 3 10
2 9 11
3 12 13
4 6 14
4 13 15
5 16 17
6 16 18
7 8 13
7 15 17
8 12 18
9 14 18
10 11 17
10 12 16
11 14 15
SOLUTION 79 blocks=19
0 1 2
0 3 4
0 5 6
1 5 7
1 8 9
2 3 10
2 9 11
3 12 13
4 6 14
4 13 15
5 16 17
6 17 18
7 8 12
7 13 16
8 14 18
9 14 15
10 11 17
10 12 18
11 15 16
SOLUTION 80 blocks=19
0 1 2
0 3 4
0 5 6
1 5 7
1 8 9
2 3 10
2 9 11
3 12 13
4 6 14
4 13 15
5 16 17
6 17 18
7 8 13
7 15 16
8 12 18
9 14 18
10 11 16
10 12 17
11 14 15
SOLUTION 81 blocks=19
0 1 2
0 3 4
0 5 6
1 5 7
1 8 9
2 4 10
2 8 11
3 6 12
3 13 14
4 13 15
5 16 17
6 16 18
7 9 13
7 14 17
8 12 18
9 15 18
10 11 17
10 15 16
11 12 14
SOLUTION 82 blocks=19
0 1 2
0 3 4
0 5 6
1 5 7
1 8 9
2 4 10
2 8 11
3 6 12
3 13 14
4 13 15
5 16 17
6 16 18
7 9 15
7 13 17
8 12 14
9 12 18
10 11 16
10 15 18
11 14 17
SOLUTION 83 blocks=19
0 1 2
0 3 4
0 5 6
1 5 7
1 8 9
2 4 10
2 8 11
3 6 12
3 13 14
4 13 15
5 16 17
6 17 18
7 9 13
7 14 16
8 12 18
9 15 18
10 11 16
10 15 17
11 12 14
SOLUTION 84 blocks=19
0 1 2
0 3 4
0 5 6
1 5 7
1 8 9
2 4 10
2 8 11
3 6 12
3 13 14
4 13 15
5 16 17
6 17 18
7 9 15
7 13 16
8 12 14
9 12 18
10 11 17
10 15 18
11 14 16
SOLUTION 85 blocks=19
0 1 2
0 3 4
0 5 6
1 5 7
1 8 9
2 4 10
2 8 11
3 6 12
3 13 14
4 14 15
5 16 17
6 16 18
7 9 14
7 13 17
8 12 18
9 15 18
10 11 17
10 15 16
11 12 13
SOLUTION 86 blocks=19
0 1 2
0 3 4
0 5 6
1 5 7
1 8 9
2 4 10
2 8 11
3 6 12
3 13 14
4 14 15
5 16 17
6 16 18
7 9 15
7 14 17
8 12 13
9 12 18
10 11 16
10 15 18
11 13 17
SOLUTION 87 blocks=19
0 1 2
0 3 4
0 5 6
1 5 7
1 8 9
2 4 10
2 8 11
3 6 12
3 13 14
4 14 15
5 16 17
6 17 18
7 9 14
7 13 16
8 12 18
9 15 18
10 11 16
10 15 17
11 12 13
SOLUTION 88 blocks=19
0 1 2
0 3 4
0 5 6
1 5 7
1 8 9
2 4 10
2 8 11
3 6 12
3 13 14
4 14 15
5 16 17
6 17 18
7 9 15
7 14 16
8 12 13
9 12 18
10 11 17
10 15 18
11 13 16
SOLUTION 89 blocks=19
0 1 2
0 3 4
0 5 6
1 5 7
1 8 9
2 4 10
2 9 11
3 6 12
3 13 14
4 13 15
5 16 17
6 16 18
7 8 13
7 14 17
8 15 18
9 12 18
10 11 17
10 15 16
11 12 14
SOLUTION 90 blocks=19
0 1 2
0 3 4
0 5 6
1 5 7
1 8 9
2 4 10
2 9 11
3 6 12
3 13 14
4 13 15
5 16 17
6 16 18
7 8 15
7 13 17
8 12 18
9 12 14
10 11 16
10 15 18
11 14 17
SOLUTION 91 blocks=19
0 1 2
0 3 4
0 5 6
1 5 7
1 8 9
2 4 10
2 9 11
3 6 12
3 13 14
4 13 15
5 16 17
6 17 18
7 8 13
7 14 16
8 15 18
9 12 18
10 11 16
10 15 17
11 12 14
SOLUTION 92 blocks=19
0 1 2
0 3 4
0 5 6
1 5 7
1 8 9
2 4 10
2 9 11
3 6 12
3 13 14
4 13 15
5 16 17
6 17 18
7 8 15
7 13 16
8 12 18
9 12 14
10 11 17
10 15 18
11 14 16
SOLUTION 93 blocks=19
0 1 2
0 3 4
0 5 6
1 5 7
1 8 9
2 4 10
2 9 11
3 6 12
3 13 14
4 14 15
5 16 17
6 16 18
7 8 14
7 13 17
8 15 18
9 12 18
10 11 17
10 15 16
11 12 13
SOLUTION 94 blocks=19
0 1 2
0 3 4
0 5 6
1 5 7
1 8 9
2 4 10
2 9 11
3 6 12
3 13 14
4 14 15
5 16 17
6 16 18
7 8 15
7 14 17
8 12 18
9 12 13
10 11 16
10 15 18
11 13 17
SOLUTION 95 blocks=19
0 1 2
0 3 4
0 5 6
1 5 7
1 8 9
2 4 10
2 9 11
3 6 12
3 13 14
4 14 15
5 16 17
6 17 18
7 8 14
7 13 16
8 15 18
9 12 18
10 11 16
10 15 17
11 12 13
SOLUTION 96 blocks=19
0 1 2
0 3 4
0 5 6
1 5 7
1 8 9
2 4 10
2 9 11
3 6 12
3 13 14
4 14 15
5 16 17
6 17 18
7 8 15
7 14 16
8 12 18
9 12 13
10 11 17
10 15 18
11 13 16
SOLUTION 97 blocks=19
0 1 2
0 3 4
0 5 6
1 6 7
1 8 9
2 3 10
2 8 11
3 12 13
4 5 14
4 12 15
5 16 17
6 16 18
7 9 12
7 15 18
8 14 17
9 13 17
10 11 18
10 13 16
11 14 15
SOLUTION 98 blocks=19
0 1 2
0 3 4
0 5 6
1 6 7
1 8 9
2 3 10
2 8 11
3 12 13
4 5 14
4 12 15
5 16 17
6 16 18
7 9 13
7 12 18
8 14 15
9 14 17
10 11 16
10 13 17
11 15 18
SOLUTION 99 blocks=19
0 1 2
0 3 4
0 5 6
1 6 7
1 8 9
2 3 10
2 8 11
3 12 13
4 5 14
4 12 15
5 16 17
6 17 18
7 9 12
7 15 18
8 14 16
9 13 16
10 11 18
10 13 17
11 14 15
SOLUTION 100 blocks=19
0 1 2
0 3 4
0 5 6
1 6 7
1 8 9
2 3 10
2 8 11
3 12 13
4 5 14
4 12 15
5 16 17
6 17 18
7 9 13
7 12 18
8 14 15
9 14 16
10 11 17
10 13 16
11 15 18
SOLUTION 101 blocks=19
0 1 2
0 3 4
0 5 6
1 6 7
1 8 9
2 3 10
2 8 11
3 12 13
4 5 14
4 13 15
5 16 17
6 16 18
7 9 12
7 13 18
8 14 15
9 14 17
10 11 16
10 12 17
11 15 18
SOLUTION 102 blocks=19
0 1 2
0 3 4
0 5 6
1 6 7
1 8 9
2 3 10
2 8 11
3 12 13
4 5 14
4 13 15
5 16 17
6 16 18
7 9 13
7 15 18
8 14 17
9 12 17
10 11 18
10 12 16
11 14 15
SOLUTION 103 blocks=19
0 1 2
0 3 4
0 5 6
1 6 7
1 8 9
2 3 10
2 8 11
3 12 13
4 5 14
4 13 15
5 16 17
6 17 18
7 9 12
7 13 18
8 14 15
9 14 16
10 11 17
10 12 16
11 15 18
SOLUTION 104 blocks=19
0 1 2
0 3 4
0 5 6
1 6 7
1 8 9
2 3 10
2 8 11
3 12 13
4 5 14
4 13 15
5 16 17
6 17 18
7 9 13
7 15 18
8 14 16
9 12 16
10 11 18
10 12 17
11 14 15
SOLUTION 105 blocks=19
0 1 2
0 3 4
0 5 6
1 6 7
1 8 9
2 3 10
2 9 11
3 12 13
4 5 14
4 12 15
5 16 17
6 16 18
7 8 12
7 15 18
8 13 17
9 14 17
10 11 18
10 13 16
11 14 15
SOLUTION 106 blocks=19
0 1 2
0 3 4
0 5 6
1 6 7
1 8 9
2 3 10
2 9 11
3 12 13
4 5 14
4 12 15
5 16 17
6 16 18
7 8 13
7 12 18
8 14 17
9 14 15
10 11 16
10 13 17
11 15 18
SOLUTION 107 blocks=19
0 1 2
0 3 4
0 5 6
1 6 7
1 8 9
2 3 10
2 9 11
3 12 13
4 5 14
4 12 15
5 16 17
6 17 18
7 8 12
7 15 18
8 13 16
9 14 16
10 11 18
10 13 17
11 14 15
SOLUTION 108 blocks=19
0 1 2
0 3 4
0 5 6
1 6 7
1 8 9
2 3 10
2 9 11
3 12 13
4 5 14
4 12 15
5 16 17
6 17 18
7 8 13
7 12 18
8 14 16
9 14 15
10 11 17
10 13 16
11 15 18
SOLUTION 109 blocks=19
0 1 2
0 3 4
0 5 6
1 6 7
1 8 9
2 3 10
2 9 11
3 12 13
4 5 14
4 13 15
5 16 17
6 16 18
7 8 12
7 13 18
8 14 17
9 14 15
10 11 16
10 12 17
11 15 18
SOLUTION 110 blocks=19
0 1 2
0 3 4
0 5 6
1 6 7
1 8 9
2 3 10
2 9 11
3 12 13
4 5 14
4 13 15
5 16 17
6 16 18
7 8 13
7 15 18
8 12 17
9 14 17
10 11 18
10 12 16
11 14 15
SOLUTION 111 blocks=19
0 1 2
0 3 4
0 5 6
1 6 7
1 8 9
2 3 10
2 9 11
3 12 13
4 5 14
4 13 15
5 16 17
6 17 18
7 8 12
7 13 18
8 14 16
9 14 15
10 11 17
10 12 16
11 15 18
SOLUTION 112 blocks=19
0 1 2
0 3 4
0 5 6
1 6 7
1 8 9
2 3 10
2 9 11
3 12 13
4 5 14
4 13 15
5 16 17
6 17 18
7 8 13
7 15 18
8 12 16
9 14 16
10 11 18
10 12 17
11 14 15
SOLUTION 113 blocks=19
0 1 2
0 3 4
0 5 6
1 6 7
1 8 9
2 4 10
2 8 11
3 5 12
3 13 14
4 13 15
5 16 17
6 16 18
7 9 13
7 14 18
8 12 17
9 15 17
10 11 18
10 15 16
11 12 14
SOLUTION 114 blocks=19
0 1 2
0 3 4
0 5 6
1 6 7
1 8 9
2 4 10
2 8 11
3 5 12
3 13 14
4 13 15
5 16 17
6 16 18
7 9 15
7 13 18
8 12 14
9 12 17
10 11 16
10 15 17
11 14 18
SOLUTION 115 blocks=19
0 1 2
0 3 4
0 5 6
1 6 7
1 8 9
2 4 10
2 8 11
3 5 12
3 13 14
4 13 15
5 16 17
6 17 18
7 9 13
7 14 18
8 12 16
9 15 16
10 11 18
10 15 17
11 12 14
SOLUTION 116 blocks=19
0 1 2
0 3 4
0 5 6
1 6 7
1 8 9
2 4 10
2 8 11
3 5 12
3 13 14
4 13 15
5 16 17
6 17 18
7 9 15
7 13 18
8 12 14
9 12 16
10 11 17
10 15 16
11 14 18
SOLUTION 117 blocks=19
0 1 2
0 3 4
0 5 6
1 6 7
1 8 9
2 4 10
2 8 11
3 5 12
3 13 14
4 14 15
5 16 17
6 16 18
7 9 14
7 13 18
8 12 17
9 15 17
10 11 18
10 15 16
11 12 13
SOLUTION 118 blocks=19
0 1 2
0 3 4
0 5 6
1 6 7
1 8 9
2 4 10
2 8 11
3 5 12
3 13 14
4 14 15
5 16 17
6 16 18
7 9 15
7 14 18
8 12 13
9 12 17
10 11 16
10 15 17
11 13 18
SOLUTION 119 blocks=19
0 1 2
0 3 4
0 5 6
1 6 7
1 8 9
2 4 10
2 8 11
3 5 12
3 13 14
4 14 15
5 16 17
6 17 18
7 9 14
7 13 18
8 12 16
9 15 16
10 11 18
10 15 17
11 12 13
SOLUTION 120 blocks=19
0 1 2
0 3 4
0 5 6
1 6 7
1 8 9
2 4 10
2 8 11
3 5 12
3 13 14
4 14 15
5 16 17
6 17 18
7 9 15
7 14 18
8 12 13
9 12 16
10 11 17
10 15 16
11 13 18
SOLUTION 121 blocks=19
0 1 2
0 3 4
0 5 6
1 6 7
1 8 9
2 4 10
2 9 11
3 5 12
3 13 14
4 13 15
5 16 17
6 16 18
7 8 13
7 14 18
8 15 17
9 12 17
10 11 18
10 15 16
11 12 14
SOLUTION 122 blocks=19
0 1 2
0 3 4
0 5 6
1 6 7
1 8 9
2 4 10
2 9 11
3 5 12
3 13 14
4 13 15
5 16 17
6 16 18
7 8 15
7 13 18
8 12 17
9 12 14
10 11 16
10 15 17
11 14 18
SOLUTION 123 blocks=19
0 1 2
0 3 4
0 5 6
1 6 7
1 8 9
2 4 10
2 9 11
3 5 12
3 13 14
4 13 15
5 16 17
6 17 18
7 8 13
7 14 18
8 15 16
9 12 16
10 11 18
10 15 17
11 12 14
SOLUTION 124 blocks=19
0 1 2
0 3 4
0 5 6
1 6 7
1 8 9
2 4 10
2 9 11
3 5 12
3 13 14
4 13 15
5 16 17
6 17 18
7 8 15
7 13 18
8 12 16
9 12 14
10 11 17
10 15 16
11 14 18
SOLUTION 125 blocks=19
0 1 2
0 3 4
0 5 6
1 6 7
1 8 9
2 4 10
2 9 11
3 5 12
3 13 14
4 14 15
5 16 17
6 16 18
7 8 14
7 13 18
8 15 17
9 12 17
10 11 18
10 15 16
11 12 13
SOLUTION 126 blocks=19
0 1 2
0 3 4
0 5 6
1 6 7
1 8 9
2 4 10
2 9 11
3 5 12
3 13 14
4 14 15
5 16 17
6 16 18
7 8 15
7 14 18
8 12 17
9 12 13
10 11 16
10 15 17
11 13 18
SOLUTION 127 blocks=19
0 1 2
0 3 4
0 5 6
1 6 7
1 8 9
2 4 10
2 9 11
3 5 12
3 13 14
4 14 15
5 16 17
6 17 18
7 8 14
7 13 18
8 15 16
9 12 16
10 11 18
10 15 17
11 12 13
SOLUTION 128 blocks=19
0 1 2
0 3 4
0 5 6
1 6 7
1 8 9
2 4 10
2 9 11
3 5 12
3 13 14
4 14 15
5 16 17
6 17 18
7 8 15
7 14 18
8 12 16
9 12 13
10 11 17
10 15 16
11 13 18
