0 1 0 29 12 0,1,3;1,2,4;0,2,5;0,4,6;1,7,8;2,9,10;3,7,11;3,8,12;4,13,14;5,9,15;5,10,16;6,13,17;6,14,18;7,19,20;8,21,22;9,23,24;10,25,26;11,19,27;11,20,28
1 1 1 29 11 0,1,3;1,2,4;0,2,5;0,4,6;1,7,8;2,9,10;3,7,11;3,8,12;4,13,14;5,9,15;5,16,17;6,13,18;6,14,19;7,20,21;8,22,23;9,24,25;10,24,26;10,25,27;11,20,28
2 1 2 29 11 0,1,3;1,2,4;0,2,5;0,4,6;1,7,8;2,9,10;3,7,11;3,8,12;4,13,14;5,9,15;5,16,17;6,13,18;6,14,19;7,20,21;8,22,23;9,24,25;10,24,26;10,25,27;11,21,28
3 1 3 29 11 0,1,3;1,2,4;0,2,5;0,4,6;1,7,8;2,9,10;3,7,11;3,8,12;4,13,14;5,10,15;5,16,17;6,13,18;6,14,19;7,20,21;8,22,23;9,24,25;9,26,27;10,24,26;11,20,28
4 1 4 29 11 0,1,3;1,2,4;0,2,5;0,4,6;1,7,8;2,9,10;3,7,11;3,8,12;4,13,14;5,10,15;5,16,17;6,13,18;6,14,19;7,20,21;8,22,23;9,24,25;9,26,27;10,24,26;11,21,28
5 1 5 29 11 0,1,3;1,2,4;0,2,5;0,4,6;1,7,8;2,9,10;3,7,11;3,8,12;4,13,14;5,10,15;5,16,17;6,13,18;6,14,19;7,20,21;8,22,23;9,24,25;9,26,27;10,24,27;11,20,28
6 1 6 29 11 0,1,3;1,2,4;0,2,5;0,4,6;1,7,8;2,9,10;3,7,11;3,8,12;4,13,14;5,10,15;5,16,17;6,13,18;6,14,19;7,20,21;8,22,23;9,24,25;9,26,27;10,24,27;11,21,28
7 1 7 29 11 0,1,3;1,2,4;0,2,5;0,4,6;1,7,8;2,9,10;3,7,11;3,8,12;4,13,14;5,10,15;5,16,17;6,13,18;6,14,19;7,20,21;8,22,23;9,24,25;9,26,27;10,25,26;11,20,28
8 1 8 29 11 0,1,3;1,2,4;0,2,5;0,4,6;1,7,8;2,9,10;3,7,11;3,8,12;4,13,14;5,10,15;5,16,17;6,13,18;6,14,19;7,20,21;8,22,23;9,24,25;9,26,27;10,25,26;11,21,28
9 1 9 29 11 0,1,3;1,2,4;0,2,5;0,4,6;1,7,8;2,9,10;3,7,11;3,8,12;4,13,14;5,10,15;5,16,17;6,13,18;6,14,19;7,20,21;8,22,23;9,24,25;9,26,27;10,25,27;11,20,28
10 1 10 29 11 0,1,3;1,2,4;0,2,5;0,4,6;1,7,8;2,9,10;3,7,11;3,8,12;4,13,14;5,10,15;5,16,17;6,13,18;6,14,19;7,20,21;8,22,23;9,24,25;9,26,27;10,25,27;11,21,28
11 1 11 29 11 0,1,3;1,2,4;0,2,5;0,4,6;1,7,8;2,9,10;3,7,11;3,12,13;4,14,15;5,9,16;5,10,17;6,14,18;6,15,19;7,20,21;8,20,22;8,21,23;9,24,25;10,26,27;11,12,28
12 1 12 29 11 0,1,3;1,2,4;0,2,5;0,4,6;1,7,8;2,9,10;3,7,11;3,12,13;4,14,15;5,9,16;5,10,17;6,14,18;6,15,19;7,20,21;8,20,22;8,21,23;9,24,25;10,26,27;11,13,28
13 1 13 29 11 0,1,3;1,2,4;0,2,5;0,4,6;1,7,8;2,9,10;3,7,11;3,12,13;4,14,15;5,9,16;5,17,18;6,14,19;6,15,20;7,21,22;8,21,23;8,22,24;9,25,26;10,25,27;10,26,28
14 1 14 29 11 0,1,3;1,2,4;0,2,5;0,4,6;1,7,8;2,9,10;3,7,11;3,12,13;4,14,15;5,10,16;5,17,18;6,14,19;6,15,20;7,21,22;8,21,23;8,22,24;9,25,26;9,27,28;10,25,27
15 1 15 29 11 0,1,3;1,2,4;0,2,5;0,4,6;1,7,8;2,9,10;3,7,11;3,12,13;4,14,15;5,10,16;5,17,18;6,14,19;6,15,20;7,21,22;8,21,23;8,22,24;9,25,26;9,27,28;10,25,28
16 1 16 29 11 0,1,3;1,2,4;0,2,5;0,4,6;1,7,8;2,9,10;3,7,11;3,12,13;4,14,15;5,10,16;5,17,18;6,14,19;6,15,20;7,21,22;8,21,23;8,22,24;9,25,26;9,27,28;10,26,27
17 1 17 29 11 0,1,3;1,2,4;0,2,5;0,4,6;1,7,8;2,9,10;3,7,11;3,12,13;4,14,15;5,10,16;5,17,18;6,14,19;6,15,20;7,21,22;8,21,23;8,22,24;9,25,26;9,27,28;10,26,28
18 1 18 29 11 0,1,3;1,2,4;0,2,5;0,4,6;1,7,8;2,9,10;3,8,11;3,12,13;4,14,15;5,9,16;5,10,17;6,14,18;6,15,19;7,20,21;7,22,23;8,20,22;9,24,25;10,26,27;11,12,28
19 1 19 29 11 0,1,3;1,2,4;0,2,5;0,4,6;1,7,8;2,9,10;3,8,11;3,12,13;4,14,15;5,9,16;5,10,17;6,14,18;6,15,19;7,20,21;7,22,23;8,20,22;9,24,25;10,26,27;11,13,28
20 1 20 29 11 0,1,3;1,2,4;0,2,5;0,4,6;1,7,8;2,9,10;3,8,11;3,12,13;4,14,15;5,9,16;5,10,17;6,14,18;6,15,19;7,20,21;7,22,23;8,20,23;9,24,25;10,26,27;11,12,28
21 1 21 29 11 0,1,3;1,2,4;0,2,5;0,4,6;1,7,8;2,9,10;3,8,11;3,12,13;4,14,15;5,9,16;5,10,17;6,14,18;6,15,19;7,20,21;7,22,23;8,20,23;9,24,25;10,26,27;11,13,28
22 1 22 29 11 0,1,3;1,2,4;0,2,5;0,4,6;1,7,8;2,9,10;3,8,11;3,12,13;4,14,15;5,9,16;5,10,17;6,14,18;6,15,19;7,20,21;7,22,23;8,21,22;9,24,25;10,26,27;11,12,28
23 1 23 29 11 0,1,3;1,2,4;0,2,5;0,4,6;1,7,8;2,9,10;3,8,11;3,12,13;4,14,15;5,9,16;5,10,17;6,14,18;6,15,19;7,20,21;7,22,23;8,21,22;9,24,25;10,26,27;11,13,28
24 1 24 29 11 0,1,3;1,2,4;0,2,5;0,4,6;1,7,8;2,9,10;3,8,11;3,12,13;4,14,15;5,9,16;5,10,17;6,14,18;6,15,19;7,20,21;7,22,23;8,21,23;9,24,25;10,26,27;11,12,28
25 1 25 29 11 0,1,3;1,2,4;0,2,5;0,4,6;1,7,8;2,9,10;3,8,11;3,12,13;4,14,15;5,9,16;5,10,17;6,14,18;6,15,19;7,20,21;7,22,23;8,21,23;9,24,25;10,26,27;11,13,28
26 1 26 29 11 0,1,3;1,2,4;0,2,5;0,4,6;1,7,8;2,9,10;3,8,11;3,12,13;4,14,15;5,9,16;5,17,18;6,14,19;6,15,20;7,21,22;7,23,24;8,21,23;9,25,26;10,25,27;10,26,28
27 1 27 29 11 0,1,3;1,2,4;0,2,5;0,4,6;1,7,8;2,9,10;3,8,11;3,12,13;4,14,15;5,9,16;5,17,18;6,14,19;6,15,20;7,21,22;7,23,24;8,21,24;9,25,26;10,25,27;10,26,28
28 1 28 29 11 0,1,3;1,2,4;0,2,5;0,4,6;1,7,8;2,9,10;3,8,11;3,12,13;4,14,15;5,9,16;5,17,18;6,14,19;6,15,20;7,21,22;7,23,24;8,22,23;9,25,26;10,25,27;10,26,28
29 1 29 29 11 0,1,3;1,2,4;0,2,5;0,4,6;1,7,8;2,9,10;3,8,11;3,12,13;4,14,15;5,9,16;5,17,18;6,14,19;6,15,20;7,21,22;7,23,24;8,22,24;9,25,26;10,25,27;10,26,28
30 1 30 29 11 0,1,3;1,2,4;0,2,5;0,4,6;1,7,8;2,9,10;3,8,11;3,12,13;4,14,15;5,10,16;5,17,18;6,14,19;6,15,20;7,21,22;7,23,24;8,21,23;9,25,26;9,27,28;10,25,27
31 1 31 29 11 0,1,3;1,2,4;0,2,5;0,4,6;1,7,8;2,9,10;3,8,11;3,12,13;4,14,15;5,10,16;5,17,18;6,14,19;6,15,20;7,21,22;7,23,24;8,21,23;9,25,26;9,27,28;10,25,28
32 1 32 29 11 0,1,3;1,2,4;0,2,5;0,4,6;1,7,8;2,9,10;3,8,11;3,12,13;4,14,15;5,10,16;5,17,18;6,14,19;6,15,20;7,21,22;7,23,24;8,21,23;9,25,26;9,27,28;10,26,27
33 1 33 29 11 0,1,3;1,2,4;0,2,5;0,4,6;1,7,8;2,9,10;3,8,11;3,12,13;4,14,15;5,10,16;5,17,18;6,14,19;6,15,20;7,21,22;7,23,24;8,21,23;9,25,26;9,27,28;10,26,28
34 1 34 29 11 0,1,3;1,2,4;0,2,5;0,4,6;1,7,8;2,9,10;3,8,11;3,12,13;4,14,15;5,10,16;5,17,18;6,14,19;6,15,20;7,21,22;7,23,24;8,21,24;9,25,26;9,27,28;10,25,27
35 1 35 29 11 0,1,3;1,2,4;0,2,5;0,4,6;1,7,8;2,9,10;3,8,11;3,12,13;4,14,15;5,10,16;5,17,18;6,14,19;6,15,20;7,21,22;7,23,24;8,21,24;9,25,26;9,27,28;10,25,28
36 1 36 29 11 0,1,3;1,2,4;0,2,5;0,4,6;1,7,8;2,9,10;3,8,11;3,12,13;4,14,15;5,10,16;5,17,18;6,14,19;6,15,20;7,21,22;7,23,24;8,21,24;9,25,26;9,27,28;10,26,27
37 1 37 29 11 0,1,3;1,2,4;0,2,5;0,4,6;1,7,8;2,9,10;3,8,11;3,12,13;4,14,15;5,10,16;5,17,18;6,14,19;6,15,20;7,21,22;7,23,24;8,21,24;9,25,26;9,27,28;10,26,28
38 1 38 29 11 0,1,3;1,2,4;0,2,5;0,4,6;1,7,8;2,9,10;3,8,11;3,12,13;4,14,15;5,10,16;5,17,18;6,14,19;6,15,20;7,21,22;7,23,24;8,22,23;9,25,26;9,27,28;10,25,27
39 1 39 29 11 0,1,3;1,2,4;0,2,5;0,4,6;1,7,8;2,9,10;3,8,11;3,12,13;4,14,15;5,10,16;5,17,18;6,14,19;6,15,20;7,21,22;7,23,24;8,22,23;9,25,26;9,27,28;10,25,28
40 1 40 29 11 0,1,3;1,2,4;0,2,5;0,4,6;1,7,8;2,9,10;3,8,11;3,12,13;4,14,15;5,10,16;5,17,18;6,14,19;6,15,20;7,21,22;7,23,24;8,22,23;9,25,26;9,27,28;10,26,27
41 1 41 29 11 0,1,3;1,2,4;0,2,5;0,4,6;1,7,8;2,9,10;3,8,11;3,12,13;4,14,15;5,10,16;5,17,18;6,14,19;6,15,20;7,21,22;7,23,24;8,22,23;9,25,26;9,27,28;10,26,28
42 1 42 29 11 0,1,3;1,2,4;0,2,5;0,4,6;1,7,8;2,9,10;3,8,11;3,12,13;4,14,15;5,10,16;5,17,18;6,14,19;6,15,20;7,21,22;7,23,24;8,22,24;9,25,26;9,27,28;10,25,27
43 1 43 29 11 0,1,3;1,2,4;0,2,5;0,4,6;1,7,8;2,9,10;3,8,11;3,12,13;4,14,15;5,10,16;5,17,18;6,14,19;6,15,20;7,21,22;7,23,24;8,22,24;9,25,26;9,27,28;10,25,28
44 1 44 29 11 0,1,3;1,2,4;0,2,5;0,4,6;1,7,8;2,9,10;3,8,11;3,12,13;4,14,15;5,10,16;5,17,18;6,14,19;6,15,20;7,21,22;7,23,24;8,22,24;9,25,26;9,27,28;10,26,27
45 1 45 29 11 0,1,3;1,2,4;0,2,5;0,4,6;1,7,8;2,9,10;3,8,11;3,12,13;4,14,15;5,10,16;5,17,18;6,14,19;6,15,20;7,21,22;7,23,24;8,22,24;9,25,26;9,27,28;10,26,28
46 2 0 29 12 0,1,3;1,2,4;0,2,5;0,6,7;1,5,8;2,9,10;3,6,11;3,7,12;4,9,13;4,10,14;5,15,16;6,17,18;7,19,20;8,15,21;8,16,22;9,23,24;10,25,26;11,17,27;11,18,28
47 2 1 29 11 0,1,3;1,2,4;0,2,5;0,6,7;1,5,8;2,9,10;3,6,11;3,7,12;4,9,13;4,14,15;5,16,17;6,18,19;7,20,21;8,16,22;8,17,23;9,24,25;10,24,26;10,25,27;11,18,28
48 2 2 29 11 0,1,3;1,2,4;0,2,5;0,6,7;1,5,8;2,9,10;3,6,11;3,7,12;4,9,13;4,14,15;5,16,17;6,18,19;7,20,21;8,16,22;8,17,23;9,24,25;10,24,26;10,25,27;11,19,28
49 2 3 29 11 0,1,3;1,2,4;0,2,5;0,6,7;1,5,8;2,9,10;3,6,11;3,7,12;4,10,13;4,14,15;5,16,17;6,18,19;7,20,21;8,16,22;8,17,23;9,24,25;9,26,27;10,24,26;11,18,28
50 2 4 29 11 0,1,3;1,2,4;0,2,5;0,6,7;1,5,8;2,9,10;3,6,11;3,7,12;4,10,13;4,14,15;5,16,17;6,18,19;7,20,21;8,16,22;8,17,23;9,24,25;9,26,27;10,24,26;11,19,28
51 2 5 29 11 0,1,3;1,2,4;0,2,5;0,6,7;1,5,8;2,9,10;3,6,11;3,7,12;4,10,13;4,14,15;5,16,17;6,18,19;7,20,21;8,16,22;8,17,23;9,24,25;9,26,27;10,24,27;11,18,28
52 2 6 29 11 0,1,3;1,2,4;0,2,5;0,6,7;1,5,8;2,9,10;3,6,11;3,7,12;4,10,13;4,14,15;5,16,17;6,18,19;7,20,21;8,16,22;8,17,23;9,24,25;9,26,27;10,24,27;11,19,28
53 2 7 29 11 0,1,3;1,2,4;0,2,5;0,6,7;1,5,8;2,9,10;3,6,11;3,7,12;4,10,13;4,14,15;5,16,17;6,18,19;7,20,21;8,16,22;8,17,23;9,24,25;9,26,27;10,25,26;11,18,28
54 2 8 29 11 0,1,3;1,2,4;0,2,5;0,6,7;1,5,8;2,9,10;3,6,11;3,7,12;4,10,13;4,14,15;5,16,17;6,18,19;7,20,21;8,16,22;8,17,23;9,24,25;9,26,27;10,25,26;11,19,28
55 2 9 29 11 0,1,3;1,2,4;0,2,5;0,6,7;1,5,8;2,9,10;3,6,11;3,7,12;4,10,13;4,14,15;5,16,17;6,18,19;7,20,21;8,16,22;8,17,23;9,24,25;9,26,27;10,25,27;11,18,28
56 2 10 29 11 0,1,3;1,2,4;0,2,5;0,6,7;1,5,8;2,9,10;3,6,11;3,7,12;4,10,13;4,14,15;5,16,17;6,18,19;7,20,21;8,16,22;8,17,23;9,24,25;9,26,27;10,25,27;11,19,28
57 2 11 29 11 0,1,3;1,2,4;0,2,5;0,6,7;1,5,8;2,9,10;3,6,11;3,12,13;4,9,14;4,10,15;5,16,17;6,18,19;7,18,20;7,19,21;8,16,22;8,17,23;9,24,25;10,26,27;11,12,28
58 2 12 29 11 0,1,3;1,2,4;0,2,5;0,6,7;1,5,8;2,9,10;3,6,11;3,12,13;4,9,14;4,10,15;5,16,17;6,18,19;7,18,20;7,19,21;8,16,22;8,17,23;9,24,25;10,26,27;11,13,28
59 2 13 29 11 0,1,3;1,2,4;0,2,5;0,6,7;1,5,8;2,9,10;3,6,11;3,12,13;4,9,14;4,15,16;5,17,18;6,19,20;7,19,21;7,20,22;8,17,23;8,18,24;9,25,26;10,25,27;10,26,28
60 2 14 29 11 0,1,3;1,2,4;0,2,5;0,6,7;1,5,8;2,9,10;3,6,11;3,12,13;4,10,14;4,15,16;5,17,18;6,19,20;7,19,21;7,20,22;8,17,23;8,18,24;9,25,26;9,27,28;10,25,27
61 2 15 29 11 0,1,3;1,2,4;0,2,5;0,6,7;1,5,8;2,9,10;3,6,11;3,12,13;4,10,14;4,15,16;5,17,18;6,19,20;7,19,21;7,20,22;8,17,23;8,18,24;9,25,26;9,27,28;10,25,28
62 2 16 29 11 0,1,3;1,2,4;0,2,5;0,6,7;1,5,8;2,9,10;3,6,11;3,12,13;4,10,14;4,15,16;5,17,18;6,19,20;7,19,21;7,20,22;8,17,23;8,18,24;9,25,26;9,27,28;10,26,27
63 2 17 29 11 0,1,3;1,2,4;0,2,5;0,6,7;1,5,8;2,9,10;3,6,11;3,12,13;4,10,14;4,15,16;5,17,18;6,19,20;7,19,21;7,20,22;8,17,23;8,18,24;9,25,26;9,27,28;10,26,28
64 2 18 29 11 0,1,3;1,2,4;0,2,5;0,6,7;1,5,8;2,9,10;3,7,11;3,12,13;4,9,14;4,10,15;5,16,17;6,18,19;6,20,21;7,18,20;8,16,22;8,17,23;9,24,25;10,26,27;11,12,28
65 2 19 29 11 0,1,3;1,2,4;0,2,5;0,6,7;1,5,8;2,9,10;3,7,11;3,12,13;4,9,14;4,10,15;5,16,17;6,18,19;6,20,21;7,18,20;8,16,22;8,17,23;9,24,25;10,26,27;11,13,28
66 2 20 29 11 0,1,3;1,2,4;0,2,5;0,6,7;1,5,8;2,9,10;3,7,11;3,12,13;4,9,14;4,10,15;5,16,17;6,18,19;6,20,21;7,18,21;8,16,22;8,17,23;9,24,25;10,26,27;11,12,28
67 2 21 29 11 0,1,3;1,2,4;0,2,5;0,6,7;1,5,8;2,9,10;3,7,11;3,12,13;4,9,14;4,10,15;5,16,17;6,18,19;6,20,21;7,18,21;8,16,22;8,17,23;9,24,25;10,26,27;11,13,28
68 2 22 29 11 0,1,3;1,2,4;0,2,5;0,6,7;1,5,8;2,9,10;3,7,11;3,12,13;4,9,14;4,10,15;5,16,17;6,18,19;6,20,21;7,19,20;8,16,22;8,17,23;9,24,25;10,26,27;11,12,28
69 2 23 29 11 0,1,3;1,2,4;0,2,5;0,6,7;1,5,8;2,9,10;3,7,11;3,12,13;4,9,14;4,10,15;5,16,17;6,18,19;6,20,21;7,19,20;8,16,22;8,17,23;9,24,25;10,26,27;11,13,28
70 2 24 29 11 0,1,3;1,2,4;0,2,5;0,6,7;1,5,8;2,9,10;3,7,11;3,12,13;4,9,14;4,10,15;5,16,17;6,18,19;6,20,21;7,19,21;8,16,22;8,17,23;9,24,25;10,26,27;11,12,28
71 2 25 29 11 0,1,3;1,2,4;0,2,5;0,6,7;1,5,8;2,9,10;3,7,11;3,12,13;4,9,14;4,10,15;5,16,17;6,18,19;6,20,21;7,19,21;8,16,22;8,17,23;9,24,25;10,26,27;11,13,28
72 2 26 29 11 0,1,3;1,2,4;0,2,5;0,6,7;1,5,8;2,9,10;3,7,11;3,12,13;4,9,14;4,15,16;5,17,18;6,19,20;6,21,22;7,19,21;8,17,23;8,18,24;9,25,26;10,25,27;10,26,28
73 2 27 29 11 0,1,3;1,2,4;0,2,5;0,6,7;1,5,8;2,9,10;3,7,11;3,12,13;4,9,14;4,15,16;5,17,18;6,19,20;6,21,22;7,19,22;8,17,23;8,18,24;9,25,26;10,25,27;10,26,28
74 2 28 29 11 0,1,3;1,2,4;0,2,5;0,6,7;1,5,8;2,9,10;3,7,11;3,12,13;4,9,14;4,15,16;5,17,18;6,19,20;6,21,22;7,20,21;8,17,23;8,18,24;9,25,26;10,25,27;10,26,28
75 2 29 29 11 0,1,3;1,2,4;0,2,5;0,6,7;1,5,8;2,9,10;3,7,11;3,12,13;4,9,14;4,15,16;5,17,18;6,19,20;6,21,22;7,20,22;8,17,23;8,18,24;9,25,26;10,25,27;10,26,28
76 2 30 29 11 0,1,3;1,2,4;0,2,5;0,6,7;1,5,8;2,9,10;3,7,11;3,12,13;4,10,14;4,15,16;5,17,18;6,19,20;6,21,22;7,19,21;8,17,23;8,18,24;9,25,26;9,27,28;10,25,27
77 2 31 29 11 0,1,3;1,2,4;0,2,5;0,6,7;1,5,8;2,9,10;3,7,11;3,12,13;4,10,14;4,15,16;5,17,18;6,19,20;6,21,22;7,19,21;8,17,23;8,18,24;9,25,26;9,27,28;10,25,28
78 2 32 29 11 0,1,3;1,2,4;0,2,5;0,6,7;1,5,8;2,9,10;3,7,11;3,12,13;4,10,14;4,15,16;5,17,18;6,19,20;6,21,22;7,19,21;8,17,23;8,18,24;9,25,26;9,27,28;10,26,27
79 2 33 29 11 0,1,3;1,2,4;0,2,5;0,6,7;1,5,8;2,9,10;3,7,11;3,12,13;4,10,14;4,15,16;5,17,18;6,19,20;6,21,22;7,19,21;8,17,23;8,18,24;9,25,26;9,27,28;10,26,28
80 2 34 29 11 0,1,3;1,2,4;0,2,5;0,6,7;1,5,8;2,9,10;3,7,11;3,12,13;4,10,14;4,15,16;5,17,18;6,19,20;6,21,22;7,19,22;8,17,23;8,18,24;9,25,26;9,27,28;10,25,27
81 2 35 29 11 0,1,3;1,2,4;0,2,5;0,6,7;1,5,8;2,9,10;3,7,11;3,12,13;4,10,14;4,15,16;5,17,18;6,19,20;6,21,22;7,19,22;8,17,23;8,18,24;9,25,26;9,27,28;10,25,28
82 2 36 29 11 0,1,3;1,2,4;0,2,5;0,6,7;1,5,8;2,9,10;3,7,11;3,12,13;4,10,14;4,15,16;5,17,18;6,19,20;6,21,22;7,19,22;8,17,23;8,18,24;9,25,26;9,27,28;10,26,27
83 2 37 29 11 0,1,3;1,2,4;0,2,5;0,6,7;1,5,8;2,9,10;3,7,11;3,12,13;4,10,14;4,15,16;5,17,18;6,19,20;6,21,22;7,19,22;8,17,23;8,18,24;9,25,26;9,27,28;10,26,28
84 2 38 29 11 0,1,3;1,2,4;0,2,5;0,6,7;1,5,8;2,9,10;3,7,11;3,12,13;4,10,14;4,15,16;5,17,18;6,19,20;6,21,22;7,20,21;8,17,23;8,18,24;9,25,26;9,27,28;10,25,27
85 2 39 29 11 0,1,3;1,2,4;0,2,5;0,6,7;1,5,8;2,9,10;3,7,11;3,12,13;4,10,14;4,15,16;5,17,18;6,19,20;6,21,22;7,20,21;8,17,23;8,18,24;9,25,26;9,27,28;10,25,28
86 2 40 29 11 0,1,3;1,2,4;0,2,5;0,6,7;1,5,8;2,9,10;3,7,11;3,12,13;4,10,14;4,15,16;5,17,18;6,19,20;6,21,22;7,20,21;8,17,23;8,18,24;9,25,26;9,27,28;10,26,27
87 2 41 29 11 0,1,3;1,2,4;0,2,5;0,6,7;1,5,8;2,9,10;3,7,11;3,12,13;4,10,14;4,15,16;5,17,18;6,19,20;6,21,22;7,20,21;8,17,23;8,18,24;9,25,26;9,27,28;10,26,28
88 2 42 29 11 0,1,3;1,2,4;0,2,5;0,6,7;1,5,8;2,9,10;3,7,11;3,12,13;4,10,14;4,15,16;5,17,18;6,19,20;6,21,22;7,20,22;8,17,23;8,18,24;9,25,26;9,27,28;10,25,27
89 2 43 29 11 0,1,3;1,2,4;0,2,5;0,6,7;1,5,8;2,9,10;3,7,11;3,12,13;4,10,14;4,15,16;5,17,18;6,19,20;6,21,22;7,20,22;8,17,23;8,18,24;9,25,26;9,27,28;10,25,28
90 2 44 29 11 0,1,3;1,2,4;0,2,5;0,6,7;1,5,8;2,9,10;3,7,11;3,12,13;4,10,14;4,15,16;5,17,18;6,19,20;6,21,22;7,20,22;8,17,23;8,18,24;9,25,26;9,27,28;10,26,27
91 2 45 29 11 0,1,3;1,2,4;0,2,5;0,6,7;1,5,8;2,9,10;3,7,11;3,12,13;4,10,14;4,15,16;5,17,18;6,19,20;6,21,22;7,20,22;8,17,23;8,18,24;9,25,26;9,27,28;10,26,28
92 2 46 29 11 0,1,3;1,2,4;0,2,5;0,6,7;1,8,9;2,3,10;3,11,12;4,8,13;4,14,15;5,6,16;5,17,18;6,19,20;7,19,21;7,20,22;8,23,24;9,23,25;9,24,26;10,11,27;10,12,28
93 2 47 29 11 0,1,3;1,2,4;0,2,5;0,6,7;1,8,9;2,3,10;3,11,12;4,8,13;4,14,15;5,7,16;5,17,18;6,19,20;6,21,22;7,19,21;8,23,24;9,23,25;9,24,26;10,11,27;10,12,28
94 2 48 29 11 0,1,3;1,2,4;0,2,5;0,6,7;1,8,9;2,3,10;3,11,12;4,8,13;4,14,15;5,7,16;5,17,18;6,19,20;6,21,22;7,19,22;8,23,24;9,23,25;9,24,26;10,11,27;10,12,28
95 2 49 29 11 0,1,3;1,2,4;0,2,5;0,6,7;1,8,9;2,3,10;3,11,12;4,8,13;4,14,15;5,7,16;5,17,18;6,19,20;6,21,22;7,20,21;8,23,24;9,23,25;9,24,26;10,11,27;10,12,28
96 2 50 29 11 0,1,3;1,2,4;0,2,5;0,6,7;1,8,9;2,3,10;3,11,12;4,8,13;4,14,15;5,7,16;5,17,18;6,19,20;6,21,22;7,20,22;8,23,24;9,23,25;9,24,26;10,11,27;10,12,28
97 2 51 29 11 0,1,3;1,2,4;0,2,5;0,6,7;1,8,9;2,3,10;3,11,12;4,9,13;4,14,15;5,6,16;5,17,18;6,19,20;7,19,21;7,20,22;8,23,24;8,25,26;9,23,25;10,11,27;10,12,28
98 2 52 29 11 0,1,3;1,2,4;0,2,5;0,6,7;1,8,9;2,3,10;3,11,12;4,9,13;4,14,15;5,6,16;5,17,18;6,19,20;7,19,21;7,20,22;8,23,24;8,25,26;9,23,26;10,11,27;10,12,28
99 2 53 29 11 0,1,3;1,2,4;0,2,5;0,6,7;1,8,9;2,3,10;3,11,12;4,9,13;4,14,15;5,6,16;5,17,18;6,19,20;7,19,21;7,20,22;8,23,24;8,25,26;9,24,25;10,11,27;10,12,28
100 2 54 29 11 0,1,3;1,2,4;0,2,5;0,6,7;1,8,9;2,3,10;3,11,12;4,9,13;4,14,15;5,6,16;5,17,18;6,19,20;7,19,21;7,20,22;8,23,24;8,25,26;9,24,26;10,11,27;10,12,28
101 2 55 29 11 0,1,3;1,2,4;0,2,5;0,6,7;1,8,9;2,3,10;3,11,12;4,9,13;4,14,15;5,7,16;5,17,18;6,19,20;6,21,22;7,19,21;8,23,24;8,25,26;9,23,25;10,11,27;10,12,28
102 2 56 29 11 0,1,3;1,2,4;0,2,5;0,6,7;1,8,9;2,3,10;3,11,12;4,9,13;4,14,15;5,7,16;5,17,18;6,19,20;6,21,22;7,19,21;8,23,24;8,25,26;9,23,26;10,11,27;10,12,28
103 2 57 29 11 0,1,3;1,2,4;0,2,5;0,6,7;1,8,9;2,3,10;3,11,12;4,9,13;4,14,15;5,7,16;5,17,18;6,19,20;6,21,22;7,19,21;8,23,24;8,25,26;9,24,25;10,11,27;10,12,28
104 2 58 29 11 0,1,3;1,2,4;0,2,5;0,6,7;1,8,9;2,3,10;3,11,12;4,9,13;4,14,15;5,7,16;5,17,18;6,19,20;6,21,22;7,19,21;8,23,24;8,25,26;9,24,26;10,11,27;10,12,28
105 2 59 29 11 0,1,3;1,2,4;0,2,5;0,6,7;1,8,9;2,3,10;3,11,12;4,9,13;4,14,15;5,7,16;5,17,18;6,19,20;6,21,22;7,19,22;8,23,24;8,25,26;9,23,25;10,11,27;10,12,28
106 2 60 29 11 0,1,3;1,2,4;0,2,5;0,6,7;1,8,9;2,3,10;3,11,12;4,9,13;4,14,15;5,7,16;5,17,18;6,19,20;6,21,22;7,19,22;8,23,24;8,25,26;9,23,26;10,11,27;10,12,28
107 2 61 29 11 0,1,3;1,2,4;0,2,5;0,6,7;1,8,9;2,3,10;3,11,12;4,9,13;4,14,15;5,7,16;5,17,18;6,19,20;6,21,22;7,19,22;8,23,24;8,25,26;9,24,25;10,11,27;10,12,28
108 2 62 29 11 0,1,3;1,2,4;0,2,5;0,6,7;1,8,9;2,3,10;3,11,12;4,9,13;4,14,15;5,7,16;5,17,18;6,19,20;6,21,22;7,19,22;8,23,24;8,25,26;9,24,26;10,11,27;10,12,28
109 2 63 29 11 0,1,3;1,2,4;0,2,5;0,6,7;1,8,9;2,3,10;3,11,12;4,9,13;4,14,15;5,7,16;5,17,18;6,19,20;6,21,22;7,20,21;8,23,24;8,25,26;9,23,25;10,11,27;10,12,28
110 2 64 29 11 0,1,3;1,2,4;0,2,5;0,6,7;1,8,9;2,3,10;3,11,12;4,9,13;4,14,15;5,7,16;5,17,18;6,19,20;6,21,22;7,20,21;8,23,24;8,25,26;9,23,26;10,11,27;10,12,28
111 2 65 29 11 0,1,3;1,2,4;0,2,5;0,6,7;1,8,9;2,3,10;3,11,12;4,9,13;4,14,15;5,7,16;5,17,18;6,19,20;6,21,22;7,20,21;8,23,24;8,25,26;9,24,25;10,11,27;10,12,28
112 2 66 29 11 0,1,3;1,2,4;0,2,5;0,6,7;1,8,9;2,3,10;3,11,12;4,9,13;4,14,15;5,7,16;5,17,18;6,19,20;6,21,22;7,20,21;8,23,24;8,25,26;9,24,26;10,11,27;10,12,28
113 2 67 29 11 0,1,3;1,2,4;0,2,5;0,6,7;1,8,9;2,3,10;3,11,12;4,9,13;4,14,15;5,7,16;5,17,18;6,19,20;6,21,22;7,20,22;8,23,24;8,25,26;9,23,25;10,11,27;10,12,28
114 2 68 29 11 0,1,3;1,2,4;0,2,5;0,6,7;1,8,9;2,3,10;3,11,12;4,9,13;4,14,15;5,7,16;5,17,18;6,19,20;6,21,22;7,20,22;8,23,24;8,25,26;9,23,26;10,11,27;10,12,28
115 2 69 29 11 0,1,3;1,2,4;0,2,5;0,6,7;1,8,9;2,3,10;3,11,12;4,9,13;4,14,15;5,7,16;5,17,18;6,19,20;6,21,22;7,20,22;8,23,24;8,25,26;9,24,25;10,11,27;10,12,28
116 2 70 29 11 0,1,3;1,2,4;0,2,5;0,6,7;1,8,9;2,3,10;3,11,12;4,9,13;4,14,15;5,7,16;5,17,18;6,19,20;6,21,22;7,20,22;8,23,24;8,25,26;9,24,26;10,11,27;10,12,28
117 2 71 29 10 0,1,3;1,2,4;0,2,5;0,6,7;1,8,9;2,10,11;3,6,12;3,13,14;4,10,15;4,11,16;5,17,18;5,19,20;6,21,22;7,21,23;7,22,24;8,17,19;8,25,26;9,25,27;9,26,28
118 2 72 29 10 0,1,3;1,2,4;0,2,5;0,6,7;1,8,9;2,10,11;3,6,12;3,13,14;4,10,15;4,11,16;5,17,18;5,19,20;6,21,22;7,21,23;7,22,24;8,17,20;8,25,26;9,25,27;9,26,28
119 2 73 29 10 0,1,3;1,2,4;0,2,5;0,6,7;1,8,9;2,10,11;3,6,12;3,13,14;4,10,15;4,11,16;5,17,18;5,19,20;6,21,22;7,21,23;7,22,24;8,17,25;8,18,26;9,19,27;9,20,28
120 2 74 29 10 0,1,3;1,2,4;0,2,5;0,6,7;1,8,9;2,10,11;3,6,12;3,13,14;4,10,15;4,11,16;5,17,18;5,19,20;6,21,22;7,21,23;7,22,24;8,18,19;8,25,26;9,25,27;9,26,28
121 2 75 29 10 0,1,3;1,2,4;0,2,5;0,6,7;1,8,9;2,10,11;3,6,12;3,13,14;4,10,15;4,11,16;5,17,18;5,19,20;6,21,22;7,21,23;7,22,24;8,18,20;8,25,26;9,25,27;9,26,28
122 2 76 29 10 0,1,3;1,2,4;0,2,5;0,6,7;1,8,9;2,10,11;3,6,12;3,13,14;4,10,15;4,11,16;5,17,18;5,19,20;6,21,22;7,21,23;7,22,24;8,19,25;8,20,26;9,17,27;9,18,28
123 2 77 29 10 0,1,3;1,2,4;0,2,5;0,6,7;1,8,9;2,10,11;3,6,12;3,13,14;4,10,15;4,11,16;5,17,18;5,19,20;6,21,22;7,21,23;7,22,24;8,25,26;8,27,28;9,17,19;9,25,27
124 2 78 29 10 0,1,3;1,2,4;0,2,5;0,6,7;1,8,9;2,10,11;3,6,12;3,13,14;4,10,15;4,11,16;5,17,18;5,19,20;6,21,22;7,21,23;7,22,24;8,25,26;8,27,28;9,17,19;9,25,28
125 2 79 29 10 0,1,3;1,2,4;0,2,5;0,6,7;1,8,9;2,10,11;3,6,12;3,13,14;4,10,15;4,11,16;5,17,18;5,19,20;6,21,22;7,21,23;7,22,24;8,25,26;8,27,28;9,17,19;9,26,27
126 2 80 29 10 0,1,3;1,2,4;0,2,5;0,6,7;1,8,9;2,10,11;3,6,12;3,13,14;4,10,15;4,11,16;5,17,18;5,19,20;6,21,22;7,21,23;7,22,24;8,25,26;8,27,28;9,17,19;9,26,28
127 2 81 29 10 0,1,3;1,2,4;0,2,5;0,6,7;1,8,9;2,10,11;3,6,12;3,13,14;4,10,15;4,11,16;5,17,18;5,19,20;6,21,22;7,21,23;7,22,24;8,25,26;8,27,28;9,17,20;9,25,27
128 2 82 29 10 0,1,3;1,2,4;0,2,5;0,6,7;1,8,9;2,10,11;3,6,12;3,13,14;4,10,15;4,11,16;5,17,18;5,19,20;6,21,22;7,21,23;7,22,24;8,25,26;8,27,28;9,17,20;9,25,28
129 2 83 29 10 0,1,3;1,2,4;0,2,5;0,6,7;1,8,9;2,10,11;3,6,12;3,13,14;4,10,15;4,11,16;5,17,18;5,19,20;6,21,22;7,21,23;7,22,24;8,25,26;8,27,28;9,17,20;9,26,27
130 2 84 29 10 0,1,3;1,2,4;0,2,5;0,6,7;1,8,9;2,10,11;3,6,12;3,13,14;4,10,15;4,11,16;5,17,18;5,19,20;6,21,22;7,21,23;7,22,24;8,25,26;8,27,28;9,17,20;9,26,28
131 2 85 29 10 0,1,3;1,2,4;0,2,5;0,6,7;1,8,9;2,10,11;3,6,12;3,13,14;4,10,15;4,11,16;5,17,18;5,19,20;6,21,22;7,21,23;7,22,24;8,25,26;8,27,28;9,18,19;9,25,27
132 2 86 29 10 0,1,3;1,2,4;0,2,5;0,6,7;1,8,9;2,10,11;3,6,12;3,13,14;4,10,15;4,11,16;5,17,18;5,19,20;6,21,22;7,21,23;7,22,24;8,25,26;8,27,28;9,18,19;9,25,28
133 2 87 29 10 0,1,3;1,2,4;0,2,5;0,6,7;1,8,9;2,10,11;3,6,12;3,13,14;4,10,15;4,11,16;5,17,18;5,19,20;6,21,22;7,21,23;7,22,24;8,25,26;8,27,28;9,18,19;9,26,27
134 2 88 29 10 0,1,3;1,2,4;0,2,5;0,6,7;1,8,9;2,10,11;3,6,12;3,13,14;4,10,15;4,11,16;5,17,18;5,19,20;6,21,22;7,21,23;7,22,24;8,25,26;8,27,28;9,18,19;9,26,28
135 2 89 29 10 0,1,3;1,2,4;0,2,5;0,6,7;1,8,9;2,10,11;3,6,12;3,13,14;4,10,15;4,11,16;5,17,18;5,19,20;6,21,22;7,21,23;7,22,24;8,25,26;8,27,28;9,18,20;9,25,27
136 2 90 29 10 0,1,3;1,2,4;0,2,5;0,6,7;1,8,9;2,10,11;3,6,12;3,13,14;4,10,15;4,11,16;5,17,18;5,19,20;6,21,22;7,21,23;7,22,24;8,25,26;8,27,28;9,18,20;9,25,28
137 2 91 29 10 0,1,3;1,2,4;0,2,5;0,6,7;1,8,9;2,10,11;3,6,12;3,13,14;4,10,15;4,11,16;5,17,18;5,19,20;6,21,22;7,21,23;7,22,24;8,25,26;8,27,28;9,18,20;9,26,27
138 2 92 29 10 0,1,3;1,2,4;0,2,5;0,6,7;1,8,9;2,10,11;3,6,12;3,13,14;4,10,15;4,11,16;5,17,18;5,19,20;6,21,22;7,21,23;7,22,24;8,25,26;8,27,28;9,18,20;9,26,28
139 2 93 29 10 0,1,3;1,2,4;0,2,5;0,6,7;1,8,9;2,10,11;3,7,12;3,13,14;4,10,15;4,11,16;5,17,18;5,19,20;6,21,22;6,23,24;7,21,23;8,17,19;8,25,26;9,25,27;9,26,28
140 2 94 29 10 0,1,3;1,2,4;0,2,5;0,6,7;1,8,9;2,10,11;3,7,12;3,13,14;4,10,15;4,11,16;5,17,18;5,19,20;6,21,22;6,23,24;7,21,23;8,17,20;8,25,26;9,25,27;9,26,28
141 2 95 29 10 0,1,3;1,2,4;0,2,5;0,6,7;1,8,9;2,10,11;3,7,12;3,13,14;4,10,15;4,11,16;5,17,18;5,19,20;6,21,22;6,23,24;7,21,23;8,17,25;8,18,26;9,19,27;9,20,28
142 2 96 29 10 0,1,3;1,2,4;0,2,5;0,6,7;1,8,9;2,10,11;3,7,12;3,13,14;4,10,15;4,11,16;5,17,18;5,19,20;6,21,22;6,23,24;7,21,23;8,18,19;8,25,26;9,25,27;9,26,28
143 2 97 29 10 0,1,3;1,2,4;0,2,5;0,6,7;1,8,9;2,10,11;3,7,12;3,13,14;4,10,15;4,11,16;5,17,18;5,19,20;6,21,22;6,23,24;7,21,23;8,18,20;8,25,26;9,25,27;9,26,28
144 2 98 29 10 0,1,3;1,2,4;0,2,5;0,6,7;1,8,9;2,10,11;3,7,12;3,13,14;4,10,15;4,11,16;5,17,18;5,19,20;6,21,22;6,23,24;7,21,23;8,19,25;8,20,26;9,17,27;9,18,28
145 2 99 29 10 0,1,3;1,2,4;0,2,5;0,6,7;1,8,9;2,10,11;3,7,12;3,13,14;4,10,15;4,11,16;5,17,18;5,19,20;6,21,22;6,23,24;7,21,23;8,25,26;8,27,28;9,17,19;9,25,27
146 2 100 29 10 0,1,3;1,2,4;0,2,5;0,6,7;1,8,9;2,10,11;3,7,12;3,13,14;4,10,15;4,11,16;5,17,18;5,19,20;6,21,22;6,23,24;7,21,23;8,25,26;8,27,28;9,17,19;9,25,28
147 2 101 29 10 0,1,3;1,2,4;0,2,5;0,6,7;1,8,9;2,10,11;3,7,12;3,13,14;4,10,15;4,11,16;5,17,18;5,19,20;6,21,22;6,23,24;7,21,23;8,25,26;8,27,28;9,17,19;9,26,27
148 2 102 29 10 0,1,3;1,2,4;0,2,5;0,6,7;1,8,9;2,10,11;3,7,12;3,13,14;4,10,15;4,11,16;5,17,18;5,19,20;6,21,22;6,23,24;7,21,23;8,25,26;8,27,28;9,17,19;9,26,28
149 2 103 29 10 0,1,3;1,2,4;0,2,5;0,6,7;1,8,9;2,10,11;3,7,12;3,13,14;4,10,15;4,11,16;5,17,18;5,19,20;6,21,22;6,23,24;7,21,23;8,25,26;8,27,28;9,17,20;9,25,27
150 2 104 29 10 0,1,3;1,2,4;0,2,5;0,6,7;1,8,9;2,10,11;3,7,12;3,13,14;4,10,15;4,11,16;5,17,18;5,19,20;6,21,22;6,23,24;7,21,23;8,25,26;8,27,28;9,17,20;9,25,28
151 2 105 29 10 0,1,3;1,2,4;0,2,5;0,6,7;1,8,9;2,10,11;3,7,12;3,13,14;4,10,15;4,11,16;5,17,18;5,19,20;6,21,22;6,23,24;7,21,23;8,25,26;8,27,28;9,17,20;9,26,27
152 2 106 29 10 0,1,3;1,2,4;0,2,5;0,6,7;1,8,9;2,10,11;3,7,12;3,13,14;4,10,15;4,11,16;5,17,18;5,19,20;6,21,22;6,23,24;7,21,23;8,25,26;8,27,28;9,17,20;9,26,28
153 2 107 29 10 0,1,3;1,2,4;0,2,5;0,6,7;1,8,9;2,10,11;3,7,12;3,13,14;4,10,15;4,11,16;5,17,18;5,19,20;6,21,22;6,23,24;7,21,23;8,25,26;8,27,28;9,18,19;9,25,27
154 2 108 29 10 0,1,3;1,2,4;0,2,5;0,6,7;1,8,9;2,10,11;3,7,12;3,13,14;4,10,15;4,11,16;5,17,18;5,19,20;6,21,22;6,23,24;7,21,23;8,25,26;8,27,28;9,18,19;9,25,28
155 2 109 29 10 0,1,3;1,2,4;0,2,5;0,6,7;1,8,9;2,10,11;3,7,12;3,13,14;4,10,15;4,11,16;5,17,18;5,19,20;6,21,22;6,23,24;7,21,23;8,25,26;8,27,28;9,18,19;9,26,27
156 2 110 29 10 0,1,3;1,2,4;0,2,5;0,6,7;1,8,9;2,10,11;3,7,12;3,13,14;4,10,15;4,11,16;5,17,18;5,19,20;6,21,22;6,23,24;7,21,23;8,25,26;8,27,28;9,18,19;9,26,28
157 2 111 29 10 0,1,3;1,2,4;0,2,5;0,6,7;1,8,9;2,10,11;3,7,12;3,13,14;4,10,15;4,11,16;5,17,18;5,19,20;6,21,22;6,23,24;7,21,23;8,25,26;8,27,28;9,18,20;9,25,27
158 2 112 29 10 0,1,3;1,2,4;0,2,5;0,6,7;1,8,9;2,10,11;3,7,12;3,13,14;4,10,15;4,11,16;5,17,18;5,19,20;6,21,22;6,23,24;7,21,23;8,25,26;8,27,28;9,18,20;9,25,28
159 2 113 29 10 0,1,3;1,2,4;0,2,5;0,6,7;1,8,9;2,10,11;3,7,12;3,13,14;4,10,15;4,11,16;5,17,18;5,19,20;6,21,22;6,23,24;7,21,23;8,25,26;8,27,28;9,18,20;9,26,27
160 2 114 29 10 0,1,3;1,2,4;0,2,5;0,6,7;1,8,9;2,10,11;3,7,12;3,13,14;4,10,15;4,11,16;5,17,18;5,19,20;6,21,22;6,23,24;7,21,23;8,25,26;8,27,28;9,18,20;9,26,28
161 2 115 29 10 0,1,3;1,2,4;0,2,5;0,6,7;1,8,9;2,10,11;3,7,12;3,13,14;4,10,15;4,11,16;5,17,18;5,19,20;6,21,22;6,23,24;7,21,24;8,17,19;8,25,26;9,25,27;9,26,28
162 2 116 29 10 0,1,3;1,2,4;0,2,5;0,6,7;1,8,9;2,10,11;3,7,12;3,13,14;4,10,15;4,11,16;5,17,18;5,19,20;6,21,22;6,23,24;7,21,24;8,17,20;8,25,26;9,25,27;9,26,28
163 2 117 29 10 0,1,3;1,2,4;0,2,5;0,6,7;1,8,9;2,10,11;3,7,12;3,13,14;4,10,15;4,11,16;5,17,18;5,19,20;6,21,22;6,23,24;7,21,24;8,17,25;8,18,26;9,19,27;9,20,28
164 2 118 29 10 0,1,3;1,2,4;0,2,5;0,6,7;1,8,9;2,10,11;3,7,12;3,13,14;4,10,15;4,11,16;5,17,18;5,19,20;6,21,22;6,23,24;7,21,24;8,18,19;8,25,26;9,25,27;9,26,28
165 2 119 29 10 0,1,3;1,2,4;0,2,5;0,6,7;1,8,9;2,10,11;3,7,12;3,13,14;4,10,15;4,11,16;5,17,18;5,19,20;6,21,22;6,23,24;7,21,24;8,18,20;8,25,26;9,25,27;9,26,28
166 2 120 29 10 0,1,3;1,2,4;0,2,5;0,6,7;1,8,9;2,10,11;3,7,12;3,13,14;4,10,15;4,11,16;5,17,18;5,19,20;6,21,22;6,23,24;7,21,24;8,19,25;8,20,26;9,17,27;9,18,28
167 2 121 29 10 0,1,3;1,2,4;0,2,5;0,6,7;1,8,9;2,10,11;3,7,12;3,13,14;4,10,15;4,11,16;5,17,18;5,19,20;6,21,22;6,23,24;7,21,24;8,25,26;8,27,28;9,17,19;9,25,27
168 2 122 29 10 0,1,3;1,2,4;0,2,5;0,6,7;1,8,9;2,10,11;3,7,12;3,13,14;4,10,15;4,11,16;5,17,18;5,19,20;6,21,22;6,23,24;7,21,24;8,25,26;8,27,28;9,17,19;9,25,28
169 2 123 29 10 0,1,3;1,2,4;0,2,5;0,6,7;1,8,9;2,10,11;3,7,12;3,13,14;4,10,15;4,11,16;5,17,18;5,19,20;6,21,22;6,23,24;7,21,24;8,25,26;8,27,28;9,17,19;9,26,27
170 2 124 29 10 0,1,3;1,2,4;0,2,5;0,6,7;1,8,9;2,10,11;3,7,12;3,13,14;4,10,15;4,11,16;5,17,18;5,19,20;6,21,22;6,23,24;7,21,24;8,25,26;8,27,28;9,17,19;9,26,28
171 2 125 29 10 0,1,3;1,2,4;0,2,5;0,6,7;1,8,9;2,10,11;3,7,12;3,13,14;4,10,15;4,11,16;5,17,18;5,19,20;6,21,22;6,23,24;7,21,24;8,25,26;8,27,28;9,17,20;9,25,27
172 2 126 29 10 0,1,3;1,2,4;0,2,5;0,6,7;1,8,9;2,10,11;3,7,12;3,13,14;4,10,15;4,11,16;5,17,18;5,19,20;6,21,22;6,23,24;7,21,24;8,25,26;8,27,28;9,17,20;9,25,28
173 2 127 29 10 0,1,3;1,2,4;0,2,5;0,6,7;1,8,9;2,10,11;3,7,12;3,13,14;4,10,15;4,11,16;5,17,18;5,19,20;6,21,22;6,23,24;7,21,24;8,25,26;8,27,28;9,17,20;9,26,27
174 2 128 29 10 0,1,3;1,2,4;0,2,5;0,6,7;1,8,9;2,10,11;3,7,12;3,13,14;4,10,15;4,11,16;5,17,18;5,19,20;6,21,22;6,23,24;7,21,24;8,25,26;8,27,28;9,17,20;9,26,28
175 2 129 29 10 0,1,3;1,2,4;0,2,5;0,6,7;1,8,9;2,10,11;3,7,12;3,13,14;4,10,15;4,11,16;5,17,18;5,19,20;6,21,22;6,23,24;7,21,24;8,25,26;8,27,28;9,18,19;9,25,27
176 2 130 29 10 0,1,3;1,2,4;0,2,5;0,6,7;1,8,9;2,10,11;3,7,12;3,13,14;4,10,15;4,11,16;5,17,18;5,19,20;6,21,22;6,23,24;7,21,24;8,25,26;8,27,28;9,18,19;9,25,28
177 2 131 29 10 0,1,3;1,2,4;0,2,5;0,6,7;1,8,9;2,10,11;3,7,12;3,13,14;4,10,15;4,11,16;5,17,18;5,19,20;6,21,22;6,23,24;7,21,24;8,25,26;8,27,28;9,18,19;9,26,27
178 2 132 29 10 0,1,3;1,2,4;0,2,5;0,6,7;1,8,9;2,10,11;3,7,12;3,13,14;4,10,15;4,11,16;5,17,18;5,19,20;6,21,22;6,23,24;7,21,24;8,25,26;8,27,28;9,18,19;9,26,28
179 2 133 29 10 0,1,3;1,2,4;0,2,5;0,6,7;1,8,9;2,10,11;3,7,12;3,13,14;4,10,15;4,11,16;5,17,18;5,19,20;6,21,22;6,23,24;7,21,24;8,25,26;8,27,28;9,18,20;9,25,27
180 2 134 29 10 0,1,3;1,2,4;0,2,5;0,6,7;1,8,9;2,10,11;3,7,12;3,13,14;4,10,15;4,11,16;5,17,18;5,19,20;6,21,22;6,23,24;7,21,24;8,25,26;8,27,28;9,18,20;9,25,28
181 2 135 29 10 0,1,3;1,2,4;0,2,5;0,6,7;1,8,9;2,10,11;3,7,12;3,13,14;4,10,15;4,11,16;5,17,18;5,19,20;6,21,22;6,23,24;7,21,24;8,25,26;8,27,28;9,18,20;9,26,27
182 2 136 29 10 0,1,3;1,2,4;0,2,5;0,6,7;1,8,9;2,10,11;3,7,12;3,13,14;4,10,15;4,11,16;5,17,18;5,19,20;6,21,22;6,23,24;7,21,24;8,25,26;8,27,28;9,18,20;9,26,28
183 2 137 29 10 0,1,3;1,2,4;0,2,5;0,6,7;1,8,9;2,10,11;3,7,12;3,13,14;4,10,15;4,11,16;5,17,18;5,19,20;6,21,22;6,23,24;7,22,23;8,17,19;8,25,26;9,25,27;9,26,28
184 2 138 29 10 0,1,3;1,2,4;0,2,5;0,6,7;1,8,9;2,10,11;3,7,12;3,13,14;4,10,15;4,11,16;5,17,18;5,19,20;6,21,22;6,23,24;7,22,23;8,17,20;8,25,26;9,25,27;9,26,28
185 2 139 29 10 0,1,3;1,2,4;0,2,5;0,6,7;1,8,9;2,10,11;3,7,12;3,13,14;4,10,15;4,11,16;5,17,18;5,19,20;6,21,22;6,23,24;7,22,23;8,17,25;8,18,26;9,19,27;9,20,28
186 2 140 29 10 0,1,3;1,2,4;0,2,5;0,6,7;1,8,9;2,10,11;3,7,12;3,13,14;4,10,15;4,11,16;5,17,18;5,19,20;6,21,22;6,23,24;7,22,23;8,18,19;8,25,26;9,25,27;9,26,28
187 2 141 29 10 0,1,3;1,2,4;0,2,5;0,6,7;1,8,9;2,10,11;3,7,12;3,13,14;4,10,15;4,11,16;5,17,18;5,19,20;6,21,22;6,23,24;7,22,23;8,18,20;8,25,26;9,25,27;9,26,28
188 2 142 29 10 0,1,3;1,2,4;0,2,5;0,6,7;1,8,9;2,10,11;3,7,12;3,13,14;4,10,15;4,11,16;5,17,18;5,19,20;6,21,22;6,23,24;7,22,23;8,19,25;8,20,26;9,17,27;9,18,28
189 2 143 29 10 0,1,3;1,2,4;0,2,5;0,6,7;1,8,9;2,10,11;3,7,12;3,13,14;4,10,15;4,11,16;5,17,18;5,19,20;6,21,22;6,23,24;7,22,23;8,25,26;8,27,28;9,17,19;9,25,27
190 2 144 29 10 0,1,3;1,2,4;0,2,5;0,6,7;1,8,9;2,10,11;3,7,12;3,13,14;4,10,15;4,11,16;5,17,18;5,19,20;6,21,22;6,23,24;7,22,23;8,25,26;8,27,28;9,17,19;9,25,28
191 2 145 29 10 0,1,3;1,2,4;0,2,5;0,6,7;1,8,9;2,10,11;3,7,12;3,13,14;4,10,15;4,11,16;5,17,18;5,19,20;6,21,22;6,23,24;7,22,23;8,25,26;8,27,28;9,17,19;9,26,27
192 2 146 29 10 0,1,3;1,2,4;0,2,5;0,6,7;1,8,9;2,10,11;3,7,12;3,13,14;4,10,15;4,11,16;5,17,18;5,19,20;6,21,22;6,23,24;7,22,23;8,25,26;8,27,28;9,17,19;9,26,28
193 2 147 29 10 0,1,3;1,2,4;0,2,5;0,6,7;1,8,9;2,10,11;3,7,12;3,13,14;4,10,15;4,11,16;5,17,18;5,19,20;6,21,22;6,23,24;7,22,23;8,25,26;8,27,28;9,17,20;9,25,27
194 2 148 29 10 0,1,3;1,2,4;0,2,5;0,6,7;1,8,9;2,10,11;3,7,12;3,13,14;4,10,15;4,11,16;5,17,18;5,19,20;6,21,22;6,23,24;7,22,23;8,25,26;8,27,28;9,17,20;9,25,28
195 2 149 29 10 0,1,3;1,2,4;0,2,5;0,6,7;1,8,9;2,10,11;3,7,12;3,13,14;4,10,15;4,11,16;5,17,18;5,19,20;6,21,22;6,23,24;7,22,23;8,25,26;8,27,28;9,17,20;9,26,27
196 2 150 29 10 0,1,3;1,2,4;0,2,5;0,6,7;1,8,9;2,10,11;3,7,12;3,13,14;4,10,15;4,11,16;5,17,18;5,19,20;6,21,22;6,23,24;7,22,23;8,25,26;8,27,28;9,17,20;9,26,28
197 2 151 29 10 0,1,3;1,2,4;0,2,5;0,6,7;1,8,9;2,10,11;3,7,12;3,13,14;4,10,15;4,11,16;5,17,18;5,19,20;6,21,22;6,23,24;7,22,23;8,25,26;8,27,28;9,18,19;9,25,27
198 2 152 29 10 0,1,3;1,2,4;0,2,5;0,6,7;1,8,9;2,10,11;3,7,12;3,13,14;4,10,15;4,11,16;5,17,18;5,19,20;6,21,22;6,23,24;7,22,23;8,25,26;8,27,28;9,18,19;9,25,28
199 2 153 29 10 0,1,3;1,2,4;0,2,5;0,6,7;1,8,9;2,10,11;3,7,12;3,13,14;4,10,15;4,11,16;5,17,18;5,19,20;6,21,22;6,23,24;7,22,23;8,25,26;8,27,28;9,18,19;9,26,27
200 2 154 29 10 0,1,3;1,2,4;0,2,5;0,6,7;1,8,9;2,10,11;3,7,12;3,13,14;4,10,15;4,11,16;5,17,18;5,19,20;6,21,22;6,23,24;7,22,23;8,25,26;8,27,28;9,18,19;9,26,28
201 2 155 29 10 0,1,3;1,2,4;0,2,5;0,6,7;1,8,9;2,10,11;3,7,12;3,13,14;4,10,15;4,11,16;5,17,18;5,19,20;6,21,22;6,23,24;7,22,23;8,25,26;8,27,28;9,18,20;9,25,27
202 2 156 29 10 0,1,3;1,2,4;0,2,5;0,6,7;1,8,9;2,10,11;3,7,12;3,13,14;4,10,15;4,11,16;5,17,18;5,19,20;6,21,22;6,23,24;7,22,23;8,25,26;8,27,28;9,18,20;9,25,28
203 2 157 29 10 0,1,3;1,2,4;0,2,5;0,6,7;1,8,9;2,10,11;3,7,12;3,13,14;4,10,15;4,11,16;5,17,18;5,19,20;6,21,22;6,23,24;7,22,23;8,25,26;8,27,28;9,18,20;9,26,27
204 2 158 29 10 0,1,3;1,2,4;0,2,5;0,6,7;1,8,9;2,10,11;3,7,12;3,13,14;4,10,15;4,11,16;5,17,18;5,19,20;6,21,22;6,23,24;7,22,23;8,25,26;8,27,28;9,18,20;9,26,28
205 2 159 29 10 0,1,3;1,2,4;0,2,5;0,6,7;1,8,9;2,10,11;3,7,12;3,13,14;4,10,15;4,11,16;5,17,18;5,19,20;6,21,22;6,23,24;7,22,24;8,17,19;8,25,26;9,25,27;9,26,28
206 2 160 29 10 0,1,3;1,2,4;0,2,5;0,6,7;1,8,9;2,10,11;3,7,12;3,13,14;4,10,15;4,11,16;5,17,18;5,19,20;6,21,22;6,23,24;7,22,24;8,17,20;8,25,26;9,25,27;9,26,28
207 2 161 29 10 0,1,3;1,2,4;0,2,5;0,6,7;1,8,9;2,10,11;3,7,12;3,13,14;4,10,15;4,11,16;5,17,18;5,19,20;6,21,22;6,23,24;7,22,24;8,17,25;8,18,26;9,19,27;9,20,28
208 2 162 29 10 0,1,3;1,2,4;0,2,5;0,6,7;1,8,9;2,10,11;3,7,12;3,13,14;4,10,15;4,11,16;5,17,18;5,19,20;6,21,22;6,23,24;7,22,24;8,18,19;8,25,26;9,25,27;9,26,28
209 2 163 29 10 0,1,3;1,2,4;0,2,5;0,6,7;1,8,9;2,10,11;3,7,12;3,13,14;4,10,15;4,11,16;5,17,18;5,19,20;6,21,22;6,23,24;7,22,24;8,18,20;8,25,26;9,25,27;9,26,28
210 2 164 29 10 0,1,3;1,2,4;0,2,5;0,6,7;1,8,9;2,10,11;3,7,12;3,13,14;4,10,15;4,11,16;5,17,18;5,19,20;6,21,22;6,23,24;7,22,24;8,19,25;8,20,26;9,17,27;9,18,28
211 2 165 29 10 0,1,3;1,2,4;0,2,5;0,6,7;1,8,9;2,10,11;3,7,12;3,13,14;4,10,15;4,11,16;5,17,18;5,19,20;6,21,22;6,23,24;7,22,24;8,25,26;8,27,28;9,17,19;9,25,27
212 2 166 29 10 0,1,3;1,2,4;0,2,5;0,6,7;1,8,9;2,10,11;3,7,12;3,13,14;4,10,15;4,11,16;5,17,18;5,19,20;6,21,22;6,23,24;7,22,24;8,25,26;8,27,28;9,17,19;9,25,28
213 2 167 29 10 0,1,3;1,2,4;0,2,5;0,6,7;1,8,9;2,10,11;3,7,12;3,13,14;4,10,15;4,11,16;5,17,18;5,19,20;6,21,22;6,23,24;7,22,24;8,25,26;8,27,28;9,17,19;9,26,27
214 2 168 29 10 0,1,3;1,2,4;0,2,5;0,6,7;1,8,9;2,10,11;3,7,12;3,13,14;4,10,15;4,11,16;5,17,18;5,19,20;6,21,22;6,23,24;7,22,24;8,25,26;8,27,28;9,17,19;9,26,28
215 2 169 29 10 0,1,3;1,2,4;0,2,5;0,6,7;1,8,9;2,10,11;3,7,12;3,13,14;4,10,15;4,11,16;5,17,18;5,19,20;6,21,22;6,23,24;7,22,24;8,25,26;8,27,28;9,17,20;9,25,27
216 2 170 29 10 0,1,3;1,2,4;0,2,5;0,6,7;1,8,9;2,10,11;3,7,12;3,13,14;4,10,15;4,11,16;5,17,18;5,19,20;6,21,22;6,23,24;7,22,24;8,25,26;8,27,28;9,17,20;9,25,28
217 2 171 29 10 0,1,3;1,2,4;0,2,5;0,6,7;1,8,9;2,10,11;3,7,12;3,13,14;4,10,15;4,11,16;5,17,18;5,19,20;6,21,22;6,23,24;7,22,24;8,25,26;8,27,28;9,17,20;9,26,27
218 2 172 29 10 0,1,3;1,2,4;0,2,5;0,6,7;1,8,9;2,10,11;3,7,12;3,13,14;4,10,15;4,11,16;5,17,18;5,19,20;6,21,22;6,23,24;7,22,24;8,25,26;8,27,28;9,17,20;9,26,28
219 2 173 29 10 0,1,3;1,2,4;0,2,5;0,6,7;1,8,9;2,10,11;3,7,12;3,13,14;4,10,15;4,11,16;5,17,18;5,19,20;6,21,22;6,23,24;7,22,24;8,25,26;8,27,28;9,18,19;9,25,27
220 2 174 29 10 0,1,3;1,2,4;0,2,5;0,6,7;1,8,9;2,10,11;3,7,12;3,13,14;4,10,15;4,11,16;5,17,18;5,19,20;6,21,22;6,23,24;7,22,24;8,25,26;8,27,28;9,18,19;9,25,28
221 2 175 29 10 0,1,3;1,2,4;0,2,5;0,6,7;1,8,9;2,10,11;3,7,12;3,13,14;4,10,15;4,11,16;5,17,18;5,19,20;6,21,22;6,23,24;7,22,24;8,25,26;8,27,28;9,18,19;9,26,27
222 2 176 29 10 0,1,3;1,2,4;0,2,5;0,6,7;1,8,9;2,10,11;3,7,12;3,13,14;4,10,15;4,11,16;5,17,18;5,19,20;6,21,22;6,23,24;7,22,24;8,25,26;8,27,28;9,18,19;9,26,28
223 2 177 29 10 0,1,3;1,2,4;0,2,5;0,6,7;1,8,9;2,10,11;3,7,12;3,13,14;4,10,15;4,11,16;5,17,18;5,19,20;6,21,22;6,23,24;7,22,24;8,25,26;8,27,28;9,18,20;9,25,27
224 2 178 29 10 0,1,3;1,2,4;0,2,5;0,6,7;1,8,9;2,10,11;3,7,12;3,13,14;4,10,15;4,11,16;5,17,18;5,19,20;6,21,22;6,23,24;7,22,24;8,25,26;8,27,28;9,18,20;9,25,28
225 2 179 29 10 0,1,3;1,2,4;0,2,5;0,6,7;1,8,9;2,10,11;3,7,12;3,13,14;4,10,15;4,11,16;5,17,18;5,19,20;6,21,22;6,23,24;7,22,24;8,25,26;8,27,28;9,18,20;9,26,27
226 2 180 29 10 0,1,3;1,2,4;0,2,5;0,6,7;1,8,9;2,10,11;3,7,12;3,13,14;4,10,15;4,11,16;5,17,18;5,19,20;6,21,22;6,23,24;7,22,24;8,25,26;8,27,28;9,18,20;9,26,28
227 2 181 29 10 0,1,3;1,2,4;0,2,5;0,6,7;1,8,9;2,10,11;3,8,12;3,13,14;4,15,16;4,17,18;5,10,19;5,11,20;6,15,17;6,21,22;7,21,23;7,22,24;8,25,26;9,25,27;9,26,28
228 2 182 29 10 0,1,3;1,2,4;0,2,5;0,6,7;1,8,9;2,10,11;3,8,12;3,13,14;4,15,16;4,17,18;5,10,19;5,11,20;6,15,18;6,21,22;7,21,23;7,22,24;8,25,26;9,25,27;9,26,28
229 2 183 29 10 0,1,3;1,2,4;0,2,5;0,6,7;1,8,9;2,10,11;3,8,12;3,13,14;4,15,16;4,17,18;5,10,19;5,11,20;6,15,21;6,16,22;7,17,23;7,18,24;8,25,26;9,25,27;9,26,28
230 2 184 29 10 0,1,3;1,2,4;0,2,5;0,6,7;1,8,9;2,10,11;3,8,12;3,13,14;4,15,16;4,17,18;5,10,19;5,11,20;6,16,17;6,21,22;7,21,23;7,22,24;8,25,26;9,25,27;9,26,28
231 2 185 29 10 0,1,3;1,2,4;0,2,5;0,6,7;1,8,9;2,10,11;3,8,12;3,13,14;4,15,16;4,17,18;5,10,19;5,11,20;6,16,18;6,21,22;7,21,23;7,22,24;8,25,26;9,25,27;9,26,28
232 2 186 29 10 0,1,3;1,2,4;0,2,5;0,6,7;1,8,9;2,10,11;3,8,12;3,13,14;4,15,16;4,17,18;5,10,19;5,11,20;6,17,21;6,18,22;7,15,23;7,16,24;8,25,26;9,25,27;9,26,28
233 2 187 29 10 0,1,3;1,2,4;0,2,5;0,6,7;1,8,9;2,10,11;3,8,12;3,13,14;4,15,16;4,17,18;5,10,19;5,11,20;6,21,22;6,23,24;7,15,17;7,21,23;8,25,26;9,25,27;9,26,28
234 2 188 29 10 0,1,3;1,2,4;0,2,5;0,6,7;1,8,9;2,10,11;3,8,12;3,13,14;4,15,16;4,17,18;5,10,19;5,11,20;6,21,22;6,23,24;7,15,17;7,21,24;8,25,26;9,25,27;9,26,28
235 2 189 29 10 0,1,3;1,2,4;0,2,5;0,6,7;1,8,9;2,10,11;3,8,12;3,13,14;4,15,16;4,17,18;5,10,19;5,11,20;6,21,22;6,23,24;7,15,17;7,22,23;8,25,26;9,25,27;9,26,28
236 2 190 29 10 0,1,3;1,2,4;0,2,5;0,6,7;1,8,9;2,10,11;3,8,12;3,13,14;4,15,16;4,17,18;5,10,19;5,11,20;6,21,22;6,23,24;7,15,17;7,22,24;8,25,26;9,25,27;9,26,28
237 2 191 29 10 0,1,3;1,2,4;0,2,5;0,6,7;1,8,9;2,10,11;3,8,12;3,13,14;4,15,16;4,17,18;5,10,19;5,11,20;6,21,22;6,23,24;7,15,18;7,21,23;8,25,26;9,25,27;9,26,28
238 2 192 29 10 0,1,3;1,2,4;0,2,5;0,6,7;1,8,9;2,10,11;3,8,12;3,13,14;4,15,16;4,17,18;5,10,19;5,11,20;6,21,22;6,23,24;7,15,18;7,21,24;8,25,26;9,25,27;9,26,28
239 2 193 29 10 0,1,3;1,2,4;0,2,5;0,6,7;1,8,9;2,10,11;3,8,12;3,13,14;4,15,16;4,17,18;5,10,19;5,11,20;6,21,22;6,23,24;7,15,18;7,22,23;8,25,26;9,25,27;9,26,28
240 2 194 29 10 0,1,3;1,2,4;0,2,5;0,6,7;1,8,9;2,10,11;3,8,12;3,13,14;4,15,16;4,17,18;5,10,19;5,11,20;6,21,22;6,23,24;7,15,18;7,22,24;8,25,26;9,25,27;9,26,28
241 2 195 29 10 0,1,3;1,2,4;0,2,5;0,6,7;1,8,9;2,10,11;3,8,12;3,13,14;4,15,16;4,17,18;5,10,19;5,11,20;6,21,22;6,23,24;7,16,17;7,21,23;8,25,26;9,25,27;9,26,28
242 2 196 29 10 0,1,3;1,2,4;0,2,5;0,6,7;1,8,9;2,10,11;3,8,12;3,13,14;4,15,16;4,17,18;5,10,19;5,11,20;6,21,22;6,23,24;7,16,17;7,21,24;8,25,26;9,25,27;9,26,28
243 2 197 29 10 0,1,3;1,2,4;0,2,5;0,6,7;1,8,9;2,10,11;3,8,12;3,13,14;4,15,16;4,17,18;5,10,19;5,11,20;6,21,22;6,23,24;7,16,17;7,22,23;8,25,26;9,25,27;9,26,28
244 2 198 29 10 0,1,3;1,2,4;0,2,5;0,6,7;1,8,9;2,10,11;3,8,12;3,13,14;4,15,16;4,17,18;5,10,19;5,11,20;6,21,22;6,23,24;7,16,17;7,22,24;8,25,26;9,25,27;9,26,28
245 2 199 29 10 0,1,3;1,2,4;0,2,5;0,6,7;1,8,9;2,10,11;3,8,12;3,13,14;4,15,16;4,17,18;5,10,19;5,11,20;6,21,22;6,23,24;7,16,18;7,21,23;8,25,26;9,25,27;9,26,28
246 2 200 29 10 0,1,3;1,2,4;0,2,5;0,6,7;1,8,9;2,10,11;3,8,12;3,13,14;4,15,16;4,17,18;5,10,19;5,11,20;6,21,22;6,23,24;7,16,18;7,21,24;8,25,26;9,25,27;9,26,28
247 2 201 29 10 0,1,3;1,2,4;0,2,5;0,6,7;1,8,9;2,10,11;3,8,12;3,13,14;4,15,16;4,17,18;5,10,19;5,11,20;6,21,22;6,23,24;7,16,18;7,22,23;8,25,26;9,25,27;9,26,28
248 2 202 29 10 0,1,3;1,2,4;0,2,5;0,6,7;1,8,9;2,10,11;3,8,12;3,13,14;4,15,16;4,17,18;5,10,19;5,11,20;6,21,22;6,23,24;7,16,18;7,22,24;8,25,26;9,25,27;9,26,28
249 2 203 29 10 0,1,3;1,2,4;0,2,5;0,6,7;1,8,9;2,10,11;3,9,12;3,13,14;4,15,16;4,17,18;5,10,19;5,11,20;6,15,17;6,21,22;7,21,23;7,22,24;8,25,26;8,27,28;9,25,27
250 2 204 29 10 0,1,3;1,2,4;0,2,5;0,6,7;1,8,9;2,10,11;3,9,12;3,13,14;4,15,16;4,17,18;5,10,19;5,11,20;6,15,17;6,21,22;7,21,23;7,22,24;8,25,26;8,27,28;9,25,28
251 2 205 29 10 0,1,3;1,2,4;0,2,5;0,6,7;1,8,9;2,10,11;3,9,12;3,13,14;4,15,16;4,17,18;5,10,19;5,11,20;6,15,17;6,21,22;7,21,23;7,22,24;8,25,26;8,27,28;9,26,27
252 2 206 29 10 0,1,3;1,2,4;0,2,5;0,6,7;1,8,9;2,10,11;3,9,12;3,13,14;4,15,16;4,17,18;5,10,19;5,11,20;6,15,17;6,21,22;7,21,23;7,22,24;8,25,26;8,27,28;9,26,28
253 2 207 29 10 0,1,3;1,2,4;0,2,5;0,6,7;1,8,9;2,10,11;3,9,12;3,13,14;4,15,16;4,17,18;5,10,19;5,11,20;6,15,18;6,21,22;7,21,23;7,22,24;8,25,26;8,27,28;9,25,27
254 2 208 29 10 0,1,3;1,2,4;0,2,5;0,6,7;1,8,9;2,10,11;3,9,12;3,13,14;4,15,16;4,17,18;5,10,19;5,11,20;6,15,18;6,21,22;7,21,23;7,22,24;8,25,26;8,27,28;9,25,28
255 2 209 29 10 0,1,3;1,2,4;0,2,5;0,6,7;1,8,9;2,10,11;3,9,12;3,13,14;4,15,16;4,17,18;5,10,19;5,11,20;6,15,18;6,21,22;7,21,23;7,22,24;8,25,26;8,27,28;9,26,27
256 2 210 29 10 0,1,3;1,2,4;0,2,5;0,6,7;1,8,9;2,10,11;3,9,12;3,13,14;4,15,16;4,17,18;5,10,19;5,11,20;6,15,18;6,21,22;7,21,23;7,22,24;8,25,26;8,27,28;9,26,28
257 2 211 29 10 0,1,3;1,2,4;0,2,5;0,6,7;1,8,9;2,10,11;3,9,12;3,13,14;4,15,16;4,17,18;5,10,19;5,11,20;6,15,21;6,16,22;7,17,23;7,18,24;8,25,26;8,27,28;9,25,27
258 2 212 29 10 0,1,3;1,2,4;0,2,5;0,6,7;1,8,9;2,10,11;3,9,12;3,13,14;4,15,16;4,17,18;5,10,19;5,11,20;6,15,21;6,16,22;7,17,23;7,18,24;8,25,26;8,27,28;9,25,28
259 2 213 29 10 0,1,3;1,2,4;0,2,5;0,6,7;1,8,9;2,10,11;3,9,12;3,13,14;4,15,16;4,17,18;5,10,19;5,11,20;6,15,21;6,16,22;7,17,23;7,18,24;8,25,26;8,27,28;9,26,27
260 2 214 29 10 0,1,3;1,2,4;0,2,5;0,6,7;1,8,9;2,10,11;3,9,12;3,13,14;4,15,16;4,17,18;5,10,19;5,11,20;6,15,21;6,16,22;7,17,23;7,18,24;8,25,26;8,27,28;9,26,28
261 2 215 29 10 0,1,3;1,2,4;0,2,5;0,6,7;1,8,9;2,10,11;3,9,12;3,13,14;4,15,16;4,17,18;5,10,19;5,11,20;6,16,17;6,21,22;7,21,23;7,22,24;8,25,26;8,27,28;9,25,27
262 2 216 29 10 0,1,3;1,2,4;0,2,5;0,6,7;1,8,9;2,10,11;3,9,12;3,13,14;4,15,16;4,17,18;5,10,19;5,11,20;6,16,17;6,21,22;7,21,23;7,22,24;8,25,26;8,27,28;9,25,28
263 2 217 29 10 0,1,3;1,2,4;0,2,5;0,6,7;1,8,9;2,10,11;3,9,12;3,13,14;4,15,16;4,17,18;5,10,19;5,11,20;6,16,17;6,21,22;7,21,23;7,22,24;8,25,26;8,27,28;9,26,27
264 2 218 29 10 0,1,3;1,2,4;0,2,5;0,6,7;1,8,9;2,10,11;3,9,12;3,13,14;4,15,16;4,17,18;5,10,19;5,11,20;6,16,17;6,21,22;7,21,23;7,22,24;8,25,26;8,27,28;9,26,28
265 2 219 29 10 0,1,3;1,2,4;0,2,5;0,6,7;1,8,9;2,10,11;3,9,12;3,13,14;4,15,16;4,17,18;5,10,19;5,11,20;6,16,18;6,21,22;7,21,23;7,22,24;8,25,26;8,27,28;9,25,27
266 2 220 29 10 0,1,3;1,2,4;0,2,5;0,6,7;1,8,9;2,10,11;3,9,12;3,13,14;4,15,16;4,17,18;5,10,19;5,11,20;6,16,18;6,21,22;7,21,23;7,22,24;8,25,26;8,27,28;9,25,28
267 2 221 29 10 0,1,3;1,2,4;0,2,5;0,6,7;1,8,9;2,10,11;3,9,12;3,13,14;4,15,16;4,17,18;5,10,19;5,11,20;6,16,18;6,21,22;7,21,23;7,22,24;8,25,26;8,27,28;9,26,27
268 2 222 29 10 0,1,3;1,2,4;0,2,5;0,6,7;1,8,9;2,10,11;3,9,12;3,13,14;4,15,16;4,17,18;5,10,19;5,11,20;6,16,18;6,21,22;7,21,23;7,22,24;8,25,26;8,27,28;9,26,28
269 2 223 29 10 0,1,3;1,2,4;0,2,5;0,6,7;1,8,9;2,10,11;3,9,12;3,13,14;4,15,16;4,17,18;5,10,19;5,11,20;6,17,21;6,18,22;7,15,23;7,16,24;8,25,26;8,27,28;9,25,27
270 2 224 29 10 0,1,3;1,2,4;0,2,5;0,6,7;1,8,9;2,10,11;3,9,12;3,13,14;4,15,16;4,17,18;5,10,19;5,11,20;6,17,21;6,18,22;7,15,23;7,16,24;8,25,26;8,27,28;9,25,28
271 2 225 29 10 0,1,3;1,2,4;0,2,5;0,6,7;1,8,9;2,10,11;3,9,12;3,13,14;4,15,16;4,17,18;5,10,19;5,11,20;6,17,21;6,18,22;7,15,23;7,16,24;8,25,26;8,27,28;9,26,27
272 2 226 29 10 0,1,3;1,2,4;0,2,5;0,6,7;1,8,9;2,10,11;3,9,12;3,13,14;4,15,16;4,17,18;5,10,19;5,11,20;6,17,21;6,18,22;7,15,23;7,16,24;8,25,26;8,27,28;9,26,28
273 2 227 29 10 0,1,3;1,2,4;0,2,5;0,6,7;1,8,9;2,10,11;3,9,12;3,13,14;4,15,16;4,17,18;5,10,19;5,11,20;6,21,22;6,23,24;7,15,17;7,21,23;8,25,26;8,27,28;9,25,27
274 2 228 29 10 0,1,3;1,2,4;0,2,5;0,6,7;1,8,9;2,10,11;3,9,12;3,13,14;4,15,16;4,17,18;5,10,19;5,11,20;6,21,22;6,23,24;7,15,17;7,21,23;8,25,26;8,27,28;9,25,28
275 2 229 29 10 0,1,3;1,2,4;0,2,5;0,6,7;1,8,9;2,10,11;3,9,12;3,13,14;4,15,16;4,17,18;5,10,19;5,11,20;6,21,22;6,23,24;7,15,17;7,21,23;8,25,26;8,27,28;9,26,27
276 2 230 29 10 0,1,3;1,2,4;0,2,5;0,6,7;1,8,9;2,10,11;3,9,12;3,13,14;4,15,16;4,17,18;5,10,19;5,11,20;6,21,22;6,23,24;7,15,17;7,21,23;8,25,26;8,27,28;9,26,28
277 2 231 29 10 0,1,3;1,2,4;0,2,5;0,6,7;1,8,9;2,10,11;3,9,12;3,13,14;4,15,16;4,17,18;5,10,19;5,11,20;6,21,22;6,23,24;7,15,17;7,21,24;8,25,26;8,27,28;9,25,27
278 2 232 29 10 0,1,3;1,2,4;0,2,5;0,6,7;1,8,9;2,10,11;3,9,12;3,13,14;4,15,16;4,17,18;5,10,19;5,11,20;6,21,22;6,23,24;7,15,17;7,21,24;8,25,26;8,27,28;9,25,28
279 2 233 29 10 0,1,3;1,2,4;0,2,5;0,6,7;1,8,9;2,10,11;3,9,12;3,13,14;4,15,16;4,17,18;5,10,19;5,11,20;6,21,22;6,23,24;7,15,17;7,21,24;8,25,26;8,27,28;9,26,27
280 2 234 29 10 0,1,3;1,2,4;0,2,5;0,6,7;1,8,9;2,10,11;3,9,12;3,13,14;4,15,16;4,17,18;5,10,19;5,11,20;6,21,22;6,23,24;7,15,17;7,21,24;8,25,26;8,27,28;9,26,28
281 2 235 29 10 0,1,3;1,2,4;0,2,5;0,6,7;1,8,9;2,10,11;3,9,12;3,13,14;4,15,16;4,17,18;5,10,19;5,11,20;6,21,22;6,23,24;7,15,17;7,22,23;8,25,26;8,27,28;9,25,27
282 2 236 29 10 0,1,3;1,2,4;0,2,5;0,6,7;1,8,9;2,10,11;3,9,12;3,13,14;4,15,16;4,17,18;5,10,19;5,11,20;6,21,22;6,23,24;7,15,17;7,22,23;8,25,26;8,27,28;9,25,28
283 2 237 29 10 0,1,3;1,2,4;0,2,5;0,6,7;1,8,9;2,10,11;3,9,12;3,13,14;4,15,16;4,17,18;5,10,19;5,11,20;6,21,22;6,23,24;7,15,17;7,22,23;8,25,26;8,27,28;9,26,27
284 2 238 29 10 0,1,3;1,2,4;0,2,5;0,6,7;1,8,9;2,10,11;3,9,12;3,13,14;4,15,16;4,17,18;5,10,19;5,11,20;6,21,22;6,23,24;7,15,17;7,22,23;8,25,26;8,27,28;9,26,28
285 2 239 29 10 0,1,3;1,2,4;0,2,5;0,6,7;1,8,9;2,10,11;3,9,12;3,13,14;4,15,16;4,17,18;5,10,19;5,11,20;6,21,22;6,23,24;7,15,17;7,22,24;8,25,26;8,27,28;9,25,27
286 2 240 29 10 0,1,3;1,2,4;0,2,5;0,6,7;1,8,9;2,10,11;3,9,12;3,13,14;4,15,16;4,17,18;5,10,19;5,11,20;6,21,22;6,23,24;7,15,17;7,22,24;8,25,26;8,27,28;9,25,28
287 2 241 29 10 0,1,3;1,2,4;0,2,5;0,6,7;1,8,9;2,10,11;3,9,12;3,13,14;4,15,16;4,17,18;5,10,19;5,11,20;6,21,22;6,23,24;7,15,17;7,22,24;8,25,26;8,27,28;9,26,27
288 2 242 29 10 0,1,3;1,2,4;0,2,5;0,6,7;1,8,9;2,10,11;3,9,12;3,13,14;4,15,16;4,17,18;5,10,19;5,11,20;6,21,22;6,23,24;7,15,17;7,22,24;8,25,26;8,27,28;9,26,28
289 2 243 29 10 0,1,3;1,2,4;0,2,5;0,6,7;1,8,9;2,10,11;3,9,12;3,13,14;4,15,16;4,17,18;5,10,19;5,11,20;6,21,22;6,23,24;7,15,18;7,21,23;8,25,26;8,27,28;9,25,27
290 2 244 29 10 0,1,3;1,2,4;0,2,5;0,6,7;1,8,9;2,10,11;3,9,12;3,13,14;4,15,16;4,17,18;5,10,19;5,11,20;6,21,22;6,23,24;7,15,18;7,21,23;8,25,26;8,27,28;9,25,28
291 2 245 29 10 0,1,3;1,2,4;0,2,5;0,6,7;1,8,9;2,10,11;3,9,12;3,13,14;4,15,16;4,17,18;5,10,19;5,11,20;6,21,22;6,23,24;7,15,18;7,21,23;8,25,26;8,27,28;9,26,27
292 2 246 29 10 0,1,3;1,2,4;0,2,5;0,6,7;1,8,9;2,10,11;3,9,12;3,13,14;4,15,16;4,17,18;5,10,19;5,11,20;6,21,22;6,23,24;7,15,18;7,21,23;8,25,26;8,27,28;9,26,28
293 2 247 29 10 0,1,3;1,2,4;0,2,5;0,6,7;1,8,9;2,10,11;3,9,12;3,13,14;4,15,16;4,17,18;5,10,19;5,11,20;6,21,22;6,23,24;7,15,18;7,21,24;8,25,26;8,27,28;9,25,27
294 2 248 29 10 0,1,3;1,2,4;0,2,5;0,6,7;1,8,9;2,10,11;3,9,12;3,13,14;4,15,16;4,17,18;5,10,19;5,11,20;6,21,22;6,23,24;7,15,18;7,21,24;8,25,26;8,27,28;9,25,28
295 2 249 29 10 0,1,3;1,2,4;0,2,5;0,6,7;1,8,9;2,10,11;3,9,12;3,13,14;4,15,16;4,17,18;5,10,19;5,11,20;6,21,22;6,23,24;7,15,18;7,21,24;8,25,26;8,27,28;9,26,27
296 2 250 29 10 0,1,3;1,2,4;0,2,5;0,6,7;1,8,9;2,10,11;3,9,12;3,13,14;4,15,16;4,17,18;5,10,19;5,11,20;6,21,22;6,23,24;7,15,18;7,21,24;8,25,26;8,27,28;9,26,28
297 2 251 29 10 0,1,3;1,2,4;0,2,5;0,6,7;1,8,9;2,10,11;3,9,12;3,13,14;4,15,16;4,17,18;5,10,19;5,11,20;6,21,22;6,23,24;7,15,18;7,22,23;8,25,26;8,27,28;9,25,27
298 2 252 29 10 0,1,3;1,2,4;0,2,5;0,6,7;1,8,9;2,10,11;3,9,12;3,13,14;4,15,16;4,17,18;5,10,19;5,11,20;6,21,22;6,23,24;7,15,18;7,22,23;8,25,26;8,27,28;9,25,28
299 2 253 29 10 0,1,3;1,2,4;0,2,5;0,6,7;1,8,9;2,10,11;3,9,12;3,13,14;4,15,16;4,17,18;5,10,19;5,11,20;6,21,22;6,23,24;7,15,18;7,22,23;8,25,26;8,27,28;9,26,27
300 2 254 29 10 0,1,3;1,2,4;0,2,5;0,6,7;1,8,9;2,10,11;3,9,12;3,13,14;4,15,16;4,17,18;5,10,19;5,11,20;6,21,22;6,23,24;7,15,18;7,22,23;8,25,26;8,27,28;9,26,28
301 2 255 29 10 0,1,3;1,2,4;0,2,5;0,6,7;1,8,9;2,10,11;3,9,12;3,13,14;4,15,16;4,17,18;5,10,19;5,11,20;6,21,22;6,23,24;7,15,18;7,22,24;8,25,26;8,27,28;9,25,27
302 2 256 29 10 0,1,3;1,2,4;0,2,5;0,6,7;1,8,9;2,10,11;3,9,12;3,13,14;4,15,16;4,17,18;5,10,19;5,11,20;6,21,22;6,23,24;7,15,18;7,22,24;8,25,26;8,27,28;9,25,28
303 2 257 29 10 0,1,3;1,2,4;0,2,5;0,6,7;1,8,9;2,10,11;3,9,12;3,13,14;4,15,16;4,17,18;5,10,19;5,11,20;6,21,22;6,23,24;7,15,18;7,22,24;8,25,26;8,27,28;9,26,27
304 2 258 29 10 0,1,3;1,2,4;0,2,5;0,6,7;1,8,9;2,10,11;3,9,12;3,13,14;4,15,16;4,17,18;5,10,19;5,11,20;6,21,22;6,23,24;7,15,18;7,22,24;8,25,26;8,27,28;9,26,28
305 2 259 29 10 0,1,3;1,2,4;0,2,5;0,6,7;1,8,9;2,10,11;3,9,12;3,13,14;4,15,16;4,17,18;5,10,19;5,11,20;6,21,22;6,23,24;7,16,17;7,21,23;8,25,26;8,27,28;9,25,27
306 2 260 29 10 0,1,3;1,2,4;0,2,5;0,6,7;1,8,9;2,10,11;3,9,12;3,13,14;4,15,16;4,17,18;5,10,19;5,11,20;6,21,22;6,23,24;7,16,17;7,21,23;8,25,26;8,27,28;9,25,28
307 2 261 29 10 0,1,3;1,2,4;0,2,5;0,6,7;1,8,9;2,10,11;3,9,12;3,13,14;4,15,16;4,17,18;5,10,19;5,11,20;6,21,22;6,23,24;7,16,17;7,21,23;8,25,26;8,27,28;9,26,27
308 2 262 29 10 0,1,3;1,2,4;0,2,5;0,6,7;1,8,9;2,10,11;3,9,12;3,13,14;4,15,16;4,17,18;5,10,19;5,11,20;6,21,22;6,23,24;7,16,17;7,21,23;8,25,26;8,27,28;9,26,28
309 2 263 29 10 0,1,3;1,2,4;0,2,5;0,6,7;1,8,9;2,10,11;3,9,12;3,13,14;4,15,16;4,17,18;5,10,19;5,11,20;6,21,22;6,23,24;7,16,17;7,21,24;8,25,26;8,27,28;9,25,27
310 2 264 29 10 0,1,3;1,2,4;0,2,5;0,6,7;1,8,9;2,10,11;3,9,12;3,13,14;4,15,16;4,17,18;5,10,19;5,11,20;6,21,22;6,23,24;7,16,17;7,21,24;8,25,26;8,27,28;9,25,28
311 2 265 29 10 0,1,3;1,2,4;0,2,5;0,6,7;1,8,9;2,10,11;3,9,12;3,13,14;4,15,16;4,17,18;5,10,19;5,11,20;6,21,22;6,23,24;7,16,17;7,21,24;8,25,26;8,27,28;9,26,27
312 2 266 29 10 0,1,3;1,2,4;0,2,5;0,6,7;1,8,9;2,10,11;3,9,12;3,13,14;4,15,16;4,17,18;5,10,19;5,11,20;6,21,22;6,23,24;7,16,17;7,21,24;8,25,26;8,27,28;9,26,28
313 2 267 29 10 0,1,3;1,2,4;0,2,5;0,6,7;1,8,9;2,10,11;3,9,12;3,13,14;4,15,16;4,17,18;5,10,19;5,11,20;6,21,22;6,23,24;7,16,17;7,22,23;8,25,26;8,27,28;9,25,27
314 2 268 29 10 0,1,3;1,2,4;0,2,5;0,6,7;1,8,9;2,10,11;3,9,12;3,13,14;4,15,16;4,17,18;5,10,19;5,11,20;6,21,22;6,23,24;7,16,17;7,22,23;8,25,26;8,27,28;9,25,28
315 2 269 29 10 0,1,3;1,2,4;0,2,5;0,6,7;1,8,9;2,10,11;3,9,12;3,13,14;4,15,16;4,17,18;5,10,19;5,11,20;6,21,22;6,23,24;7,16,17;7,22,23;8,25,26;8,27,28;9,26,27
316 2 270 29 10 0,1,3;1,2,4;0,2,5;0,6,7;1,8,9;2,10,11;3,9,12;3,13,14;4,15,16;4,17,18;5,10,19;5,11,20;6,21,22;6,23,24;7,16,17;7,22,23;8,25,26;8,27,28;9,26,28
317 2 271 29 10 0,1,3;1,2,4;0,2,5;0,6,7;1,8,9;2,10,11;3,9,12;3,13,14;4,15,16;4,17,18;5,10,19;5,11,20;6,21,22;6,23,24;7,16,17;7,22,24;8,25,26;8,27,28;9,25,27
318 2 272 29 10 0,1,3;1,2,4;0,2,5;0,6,7;1,8,9;2,10,11;3,9,12;3,13,14;4,15,16;4,17,18;5,10,19;5,11,20;6,21,22;6,23,24;7,16,17;7,22,24;8,25,26;8,27,28;9,25,28
319 2 273 29 10 0,1,3;1,2,4;0,2,5;0,6,7;1,8,9;2,10,11;3,9,12;3,13,14;4,15,16;4,17,18;5,10,19;5,11,20;6,21,22;6,23,24;7,16,17;7,22,24;8,25,26;8,27,28;9,26,27
320 2 274 29 10 0,1,3;1,2,4;0,2,5;0,6,7;1,8,9;2,10,11;3,9,12;3,13,14;4,15,16;4,17,18;5,10,19;5,11,20;6,21,22;6,23,24;7,16,17;7,22,24;8,25,26;8,27,28;9,26,28
321 2 275 29 10 0,1,3;1,2,4;0,2,5;0,6,7;1,8,9;2,10,11;3,9,12;3,13,14;4,15,16;4,17,18;5,10,19;5,11,20;6,21,22;6,23,24;7,16,18;7,21,23;8,25,26;8,27,28;9,25,27
322 2 276 29 10 0,1,3;1,2,4;0,2,5;0,6,7;1,8,9;2,10,11;3,9,12;3,13,14;4,15,16;4,17,18;5,10,19;5,11,20;6,21,22;6,23,24;7,16,18;7,21,23;8,25,26;8,27,28;9,25,28
323 2 277 29 10 0,1,3;1,2,4;0,2,5;0,6,7;1,8,9;2,10,11;3,9,12;3,13,14;4,15,16;4,17,18;5,10,19;5,11,20;6,21,22;6,23,24;7,16,18;7,21,23;8,25,26;8,27,28;9,26,27
324 2 278 29 10 0,1,3;1,2,4;0,2,5;0,6,7;1,8,9;2,10,11;3,9,12;3,13,14;4,15,16;4,17,18;5,10,19;5,11,20;6,21,22;6,23,24;7,16,18;7,21,23;8,25,26;8,27,28;9,26,28
325 2 279 29 10 0,1,3;1,2,4;0,2,5;0,6,7;1,8,9;2,10,11;3,9,12;3,13,14;4,15,16;4,17,18;5,10,19;5,11,20;6,21,22;6,23,24;7,16,18;7,21,24;8,25,26;8,27,28;9,25,27
326 2 280 29 10 0,1,3;1,2,4;0,2,5;0,6,7;1,8,9;2,10,11;3,9,12;3,13,14;4,15,16;4,17,18;5,10,19;5,11,20;6,21,22;6,23,24;7,16,18;7,21,24;8,25,26;8,27,28;9,25,28
327 2 281 29 10 0,1,3;1,2,4;0,2,5;0,6,7;1,8,9;2,10,11;3,9,12;3,13,14;4,15,16;4,17,18;5,10,19;5,11,20;6,21,22;6,23,24;7,16,18;7,21,24;8,25,26;8,27,28;9,26,27
328 2 282 29 10 0,1,3;1,2,4;0,2,5;0,6,7;1,8,9;2,10,11;3,9,12;3,13,14;4,15,16;4,17,18;5,10,19;5,11,20;6,21,22;6,23,24;7,16,18;7,21,24;8,25,26;8,27,28;9,26,28
329 2 283 29 10 0,1,3;1,2,4;0,2,5;0,6,7;1,8,9;2,10,11;3,9,12;3,13,14;4,15,16;4,17,18;5,10,19;5,11,20;6,21,22;6,23,24;7,16,18;7,22,23;8,25,26;8,27,28;9,25,27
330 2 284 29 10 0,1,3;1,2,4;0,2,5;0,6,7;1,8,9;2,10,11;3,9,12;3,13,14;4,15,16;4,17,18;5,10,19;5,11,20;6,21,22;6,23,24;7,16,18;7,22,23;8,25,26;8,27,28;9,25,28
331 2 285 29 10 0,1,3;1,2,4;0,2,5;0,6,7;1,8,9;2,10,11;3,9,12;3,13,14;4,15,16;4,17,18;5,10,19;5,11,20;6,21,22;6,23,24;7,16,18;7,22,23;8,25,26;8,27,28;9,26,27
332 2 286 29 10 0,1,3;1,2,4;0,2,5;0,6,7;1,8,9;2,10,11;3,9,12;3,13,14;4,15,16;4,17,18;5,10,19;5,11,20;6,21,22;6,23,24;7,16,18;7,22,23;8,25,26;8,27,28;9,26,28
333 2 287 29 10 0,1,3;1,2,4;0,2,5;0,6,7;1,8,9;2,10,11;3,9,12;3,13,14;4,15,16;4,17,18;5,10,19;5,11,20;6,21,22;6,23,24;7,16,18;7,22,24;8,25,26;8,27,28;9,25,27
334 2 288 29 10 0,1,3;1,2,4;0,2,5;0,6,7;1,8,9;2,10,11;3,9,12;3,13,14;4,15,16;4,17,18;5,10,19;5,11,20;6,21,22;6,23,24;7,16,18;7,22,24;8,25,26;8,27,28;9,25,28
335 2 289 29 10 0,1,3;1,2,4;0,2,5;0,6,7;1,8,9;2,10,11;3,9,12;3,13,14;4,15,16;4,17,18;5,10,19;5,11,20;6,21,22;6,23,24;7,16,18;7,22,24;8,25,26;8,27,28;9,26,27
336 2 290 29 10 0,1,3;1,2,4;0,2,5;0,6,7;1,8,9;2,10,11;3,9,12;3,13,14;4,15,16;4,17,18;5,10,19;5,11,20;6,21,22;6,23,24;7,16,18;7,22,24;8,25,26;8,27,28;9,26,28
