# serial orbit local_index class point_map[29] block_map[19]
0 1 0 1 0 1 2 3 4 5 6 7 8 9 10 11 12 14 13 15 16 18 17 19 20 22 21 24 23 25 26 27 28 0 1 2 3 4 5 6 7 8 9 10 12 11 13 14 15 16 17 18
1 1 1 2 0 1 2 3 4 5 6 7 8 9 10 11 12 14 13 15 17 16 19 18 20 21 22 23 25 24 27 26 28 0 1 2 3 4 5 6 7 8 9 10 12 11 13 14 15 17 16 18
2 1 2 2 0 1 2 3 4 5 6 7 8 9 10 11 12 14 13 15 17 16 19 18 21 20 22 23 25 24 27 26 28 0 1 2 3 4 5 6 7 8 9 10 12 11 13 14 15 17 16 18
3 1 3 2 0 1 2 3 4 5 6 7 8 10 9 11 12 14 13 15 17 16 19 18 20 21 22 23 24 26 25 27 28 0 1 2 3 4 5 6 7 8 9 10 12 11 13 14 16 17 15 18
4 1 4 2 0 1 2 3 4 5 6 7 8 10 9 11 12 14 13 15 17 16 19 18 21 20 22 23 24 26 25 27 28 0 1 2 3 4 5 6 7 8 9 10 12 11 13 14 16 17 15 18
5 1 5 2 0 1 2 3 4 5 6 7 8 10 9 11 12 14 13 15 17 16 19 18 20 21 22 23 24 26 27 25 28 0 1 2 3 4 5 6 7 8 9 10 12 11 13 14 16 17 15 18
6 1 6 2 0 1 2 3 4 5 6 7 8 10 9 11 12 14 13 15 17 16 19 18 21 20 22 23 24 26 27 25 28 0 1 2 3 4 5 6 7 8 9 10 12 11 13 14 16 17 15 18
7 1 7 2 0 1 2 3 4 5 6 7 8 10 9 11 12 14 13 15 17 16 19 18 20 21 22 23 26 24 25 27 28 0 1 2 3 4 5 6 7 8 9 10 12 11 13 14 16 17 15 18
8 1 8 2 0 1 2 3 4 5 6 7 8 10 9 11 12 14 13 15 17 16 19 18 21 20 22 23 26 24 25 27 28 0 1 2 3 4 5 6 7 8 9 10 12 11 13 14 16 17 15 18
9 1 9 2 0 1 2 3 4 5 6 7 8 10 9 11 12 14 13 15 17 16 19 18 20 21 22 23 26 24 27 25 28 0 1 2 3 4 5 6 7 8 9 10 12 11 13 14 16 17 15 18
10 1 10 2 0 1 2 3 4 5 6 7 8 10 9 11 12 14 13 15 17 16 19 18 21 20 22 23 26 24 27 25 28 0 1 2 3 4 5 6 7 8 9 10 12 11 13 14 16 17 15 18
11 1 11 3 0 1 2 3 4 5 6 7 8 9 10 11 12 13 15 14 16 17 19 18 21 20 23 22 24 25 26 27 28 0 1 2 3 4 5 6 7 8 9 10 12 11 13 15 14 16 17 18
12 1 12 3 0 1 2 3 4 5 6 7 8 9 10 11 13 12 15 14 16 17 19 18 21 20 23 22 24 25 26 27 28 0 1 2 3 4 5 6 7 8 9 10 12 11 13 15 14 16 17 18
13 1 13 4 0 2 1 5 4 3 6 9 10 7 8 16 17 18 15 14 11 13 12 20 19 26 25 28 27 21 22 23 24 2 1 0 3 5 4 9 10 8 6 7 12 11 16 18 17 13 14 15
14 1 14 4 0 2 1 5 4 3 6 9 10 8 7 16 17 18 15 14 11 13 12 20 19 26 25 28 27 21 23 22 24 2 1 0 3 5 4 9 10 8 6 7 12 11 16 18 17 14 15 13
15 1 15 4 0 2 1 5 4 3 6 9 10 8 7 16 17 18 15 14 11 13 12 20 19 26 25 28 27 22 24 23 21 2 1 0 3 5 4 9 10 8 6 7 12 11 16 18 17 15 14 13
16 1 16 4 0 2 1 5 4 3 6 9 10 8 7 16 17 18 15 14 11 13 12 20 19 26 25 28 27 24 22 21 23 2 1 0 3 5 4 9 10 8 6 7 12 11 16 18 17 15 14 13
17 1 17 4 0 2 1 5 4 3 6 9 10 8 7 16 17 18 15 14 11 13 12 20 19 26 25 28 27 24 22 23 21 2 1 0 3 5 4 9 10 8 6 7 12 11 16 18 17 15 14 13
18 1 18 3 0 1 2 3 4 5 6 8 7 9 10 11 12 13 15 14 16 17 19 18 21 23 20 22 24 25 26 27 28 0 1 2 3 4 5 6 7 8 9 10 12 11 15 14 13 16 17 18
19 1 19 3 0 1 2 3 4 5 6 8 7 9 10 11 13 12 15 14 16 17 19 18 21 23 20 22 24 25 26 27 28 0 1 2 3 4 5 6 7 8 9 10 12 11 15 14 13 16 17 18
20 1 20 3 0 1 2 3 4 5 6 8 7 9 10 11 12 13 15 14 16 17 19 18 21 23 22 20 24 25 26 27 28 0 1 2 3 4 5 6 7 8 9 10 12 11 15 14 13 16 17 18
21 1 21 3 0 1 2 3 4 5 6 8 7 9 10 11 13 12 15 14 16 17 19 18 21 23 22 20 24 25 26 27 28 0 1 2 3 4 5 6 7 8 9 10 12 11 15 14 13 16 17 18
22 1 22 3 0 1 2 3 4 5 6 8 7 9 10 11 12 13 15 14 16 17 19 18 23 21 20 22 24 25 26 27 28 0 1 2 3 4 5 6 7 8 9 10 12 11 15 14 13 16 17 18
23 1 23 3 0 1 2 3 4 5 6 8 7 9 10 11 13 12 15 14 16 17 19 18 23 21 20 22 24 25 26 27 28 0 1 2 3 4 5 6 7 8 9 10 12 11 15 14 13 16 17 18
24 1 24 3 0 1 2 3 4 5 6 8 7 9 10 11 12 13 15 14 16 17 19 18 22 20 23 21 24 25 26 27 28 0 1 2 3 4 5 6 7 8 9 10 12 11 14 15 13 16 17 18
25 1 25 3 0 1 2 3 4 5 6 8 7 9 10 11 13 12 15 14 16 17 19 18 22 20 23 21 24 25 26 27 28 0 1 2 3 4 5 6 7 8 9 10 12 11 14 15 13 16 17 18
26 1 26 4 0 2 1 5 4 3 6 10 9 7 8 16 17 18 15 14 11 13 12 20 19 25 27 26 28 21 22 23 24 2 1 0 3 5 4 9 10 8 6 7 12 11 17 18 16 13 14 15
27 1 27 4 0 2 1 5 4 3 6 10 9 7 8 16 17 18 15 14 11 13 12 20 19 25 27 28 26 21 22 23 24 2 1 0 3 5 4 9 10 8 6 7 12 11 17 18 16 13 14 15
28 1 28 4 0 2 1 5 4 3 6 10 9 7 8 16 17 18 15 14 11 13 12 20 19 27 25 26 28 21 22 23 24 2 1 0 3 5 4 9 10 8 6 7 12 11 17 18 16 13 14 15
29 1 29 4 0 2 1 5 4 3 6 10 9 7 8 16 17 18 15 14 11 13 12 20 19 27 25 28 26 21 22 23 24 2 1 0 3 5 4 9 10 8 6 7 12 11 17 18 16 13 14 15
30 1 30 4 0 2 1 5 4 3 6 10 9 8 7 16 17 18 15 14 11 13 12 20 19 25 27 26 28 21 23 22 24 2 1 0 3 5 4 9 10 8 6 7 12 11 17 18 16 14 15 13
31 1 31 4 0 2 1 5 4 3 6 10 9 8 7 16 17 18 15 14 11 13 12 20 19 25 27 26 28 22 24 23 21 2 1 0 3 5 4 9 10 8 6 7 12 11 17 18 16 15 14 13
32 1 32 4 0 2 1 5 4 3 6 10 9 8 7 16 17 18 15 14 11 13 12 20 19 25 27 26 28 24 22 21 23 2 1 0 3 5 4 9 10 8 6 7 12 11 17 18 16 15 14 13
33 1 33 4 0 2 1 5 4 3 6 10 9 8 7 16 17 18 15 14 11 13 12 20 19 25 27 26 28 24 22 23 21 2 1 0 3 5 4 9 10 8 6 7 12 11 17 18 16 15 14 13
34 1 34 4 0 2 1 5 4 3 6 10 9 8 7 16 17 18 15 14 11 13 12 20 19 25 27 28 26 21 23 22 24 2 1 0 3 5 4 9 10 8 6 7 12 11 17 18 16 14 15 13
35 1 35 4 0 2 1 5 4 3 6 10 9 8 7 16 17 18 15 14 11 13 12 20 19 25 27 28 26 22 24 23 21 2 1 0 3 5 4 9 10 8 6 7 12 11 17 18 16 15 14 13
36 1 36 4 0 2 1 5 4 3 6 10 9 8 7 16 17 18 15 14 11 13 12 20 19 25 27 28 26 24 22 21 23 2 1 0 3 5 4 9 10 8 6 7 12 11 17 18 16 15 14 13
37 1 37 4 0 2 1 5 4 3 6 10 9 8 7 16 17 18 15 14 11 13 12 20 19 25 27 28 26 24 22 23 21 2 1 0 3 5 4 9 10 8 6 7 12 11 17 18 16 15 14 13
38 1 38 4 0 2 1 5 4 3 6 10 9 8 7 16 17 18 15 14 11 13 12 20 19 27 25 26 28 21 23 22 24 2 1 0 3 5 4 9 10 8 6 7 12 11 17 18 16 14 15 13
39 1 39 4 0 2 1 5 4 3 6 10 9 8 7 16 17 18 15 14 11 13 12 20 19 27 25 26 28 22 24 23 21 2 1 0 3 5 4 9 10 8 6 7 12 11 17 18 16 15 14 13
40 1 40 4 0 2 1 5 4 3 6 10 9 8 7 16 17 18 15 14 11 13 12 20 19 27 25 26 28 24 22 21 23 2 1 0 3 5 4 9 10 8 6 7 12 11 17 18 16 15 14 13
41 1 41 4 0 2 1 5 4 3 6 10 9 8 7 16 17 18 15 14 11 13 12 20 19 27 25 26 28 24 22 23 21 2 1 0 3 5 4 9 10 8 6 7 12 11 17 18 16 15 14 13
42 1 42 4 0 2 1 5 4 3 6 10 9 8 7 16 17 18 15 14 11 13 12 20 19 27 25 28 26 21 23 22 24 2 1 0 3 5 4 9 10 8 6 7 12 11 17 18 16 14 15 13
43 1 43 4 0 2 1 5 4 3 6 10 9 8 7 16 17 18 15 14 11 13 12 20 19 27 25 28 26 22 24 23 21 2 1 0 3 5 4 9 10 8 6 7 12 11 17 18 16 15 14 13
44 1 44 4 0 2 1 5 4 3 6 10 9 8 7 16 17 18 15 14 11 13 12 20 19 27 25 28 26 24 22 21 23 2 1 0 3 5 4 9 10 8 6 7 12 11 17 18 16 15 14 13
45 1 45 4 0 2 1 5 4 3 6 10 9 8 7 16 17 18 15 14 11 13 12 20 19 27 25 28 26 24 22 23 21 2 1 0 3 5 4 9 10 8 6 7 12 11 17 18 16 15 14 13
46 2 0 1 1 0 2 3 5 4 7 8 6 9 10 11 12 15 16 13 14 20 19 21 22 17 18 24 23 25 26 28 27 0 2 1 4 3 5 6 7 9 10 8 13 14 11 12 15 16 18 17
47 2 1 2 1 0 2 3 5 4 7 8 6 9 10 11 12 15 17 16 14 13 20 21 23 22 19 18 25 24 27 26 28 0 2 1 4 3 5 6 7 9 10 8 13 14 12 11 15 17 16 18
48 2 2 2 1 0 2 3 5 4 7 8 6 9 10 11 12 15 17 16 14 13 21 20 23 22 19 18 25 24 27 26 28 0 2 1 4 3 5 6 7 9 10 8 13 14 12 11 15 17 16 18
49 2 3 2 1 0 2 3 5 4 7 8 6 10 9 11 12 15 17 16 14 13 20 21 23 22 19 18 24 26 25 27 28 0 2 1 4 3 5 6 7 9 10 8 13 14 12 11 16 17 15 18
50 2 4 2 1 0 2 3 5 4 7 8 6 10 9 11 12 15 17 16 14 13 21 20 23 22 19 18 24 26 25 27 28 0 2 1 4 3 5 6 7 9 10 8 13 14 12 11 16 17 15 18
51 2 5 2 1 0 2 3 5 4 7 8 6 10 9 11 12 15 17 16 14 13 20 21 23 22 19 18 24 26 27 25 28 0 2 1 4 3 5 6 7 9 10 8 13 14 12 11 16 17 15 18
52 2 6 2 1 0 2 3 5 4 7 8 6 10 9 11 12 15 17 16 14 13 21 20 23 22 19 18 24 26 27 25 28 0 2 1 4 3 5 6 7 9 10 8 13 14 12 11 16 17 15 18
53 2 7 2 1 0 2 3 5 4 7 8 6 10 9 11 12 15 17 16 14 13 20 21 23 22 19 18 26 24 25 27 28 0 2 1 4 3 5 6 7 9 10 8 13 14 12 11 16 17 15 18
54 2 8 2 1 0 2 3 5 4 7 8 6 10 9 11 12 15 17 16 14 13 21 20 23 22 19 18 26 24 25 27 28 0 2 1 4 3 5 6 7 9 10 8 13 14 12 11 16 17 15 18
55 2 9 2 1 0 2 3 5 4 7 8 6 10 9 11 12 15 17 16 14 13 20 21 23 22 19 18 26 24 27 25 28 0 2 1 4 3 5 6 7 9 10 8 13 14 12 11 16 17 15 18
56 2 10 2 1 0 2 3 5 4 7 8 6 10 9 11 12 15 17 16 14 13 21 20 23 22 19 18 26 24 27 25 28 0 2 1 4 3 5 6 7 9 10 8 13 14 12 11 16 17 15 18
57 2 11 3 1 0 2 3 5 4 7 8 6 9 10 11 12 13 16 17 15 14 21 20 23 22 19 18 24 25 26 27 28 0 2 1 4 3 5 6 7 9 10 8 13 15 14 12 11 16 17 18
58 2 12 3 1 0 2 3 5 4 7 8 6 9 10 11 13 12 16 17 15 14 21 20 23 22 19 18 24 25 26 27 28 0 2 1 4 3 5 6 7 9 10 8 13 15 14 12 11 16 17 18
59 2 13 4 1 0 2 3 5 4 7 8 6 9 10 11 12 13 16 17 18 15 14 21 22 23 24 20 19 25 26 27 28 0 2 1 4 3 5 6 7 9 10 8 13 14 15 12 11 16 17 18
60 2 14 4 1 0 2 3 5 4 7 8 6 10 9 11 12 13 16 17 18 15 14 21 22 23 24 20 19 25 27 26 28 0 2 1 4 3 5 6 7 9 10 8 13 14 15 12 11 17 18 16
61 2 15 4 1 0 2 3 5 4 7 8 6 10 9 11 12 13 16 17 18 15 14 21 22 23 24 20 19 25 27 28 26 0 2 1 4 3 5 6 7 9 10 8 13 14 15 12 11 17 18 16
62 2 16 4 1 0 2 3 5 4 7 8 6 10 9 11 12 13 16 17 18 15 14 21 22 23 24 20 19 27 25 26 28 0 2 1 4 3 5 6 7 9 10 8 13 14 15 12 11 17 18 16
63 2 17 4 1 0 2 3 5 4 7 8 6 10 9 11 12 13 16 17 18 15 14 21 22 23 24 20 19 27 25 28 26 0 2 1 4 3 5 6 7 9 10 8 13 14 15 12 11 17 18 16
64 2 18 3 1 0 2 3 5 4 8 7 6 9 10 11 12 13 16 17 15 14 20 22 21 23 19 18 24 25 26 27 28 0 2 1 4 3 5 6 7 9 10 8 14 15 13 12 11 16 17 18
65 2 19 3 1 0 2 3 5 4 8 7 6 9 10 11 13 12 16 17 15 14 20 22 21 23 19 18 24 25 26 27 28 0 2 1 4 3 5 6 7 9 10 8 14 15 13 12 11 16 17 18
66 2 20 3 1 0 2 3 5 4 8 7 6 9 10 11 12 13 16 17 15 14 21 23 22 20 19 18 24 25 26 27 28 0 2 1 4 3 5 6 7 9 10 8 15 14 13 12 11 16 17 18
67 2 21 3 1 0 2 3 5 4 8 7 6 9 10 11 13 12 16 17 15 14 21 23 22 20 19 18 24 25 26 27 28 0 2 1 4 3 5 6 7 9 10 8 15 14 13 12 11 16 17 18
68 2 22 3 1 0 2 3 5 4 8 7 6 9 10 11 12 13 16 17 15 14 22 20 21 23 19 18 24 25 26 27 28 0 2 1 4 3 5 6 7 9 10 8 14 15 13 12 11 16 17 18
69 2 23 3 1 0 2 3 5 4 8 7 6 9 10 11 13 12 16 17 15 14 22 20 21 23 19 18 24 25 26 27 28 0 2 1 4 3 5 6 7 9 10 8 14 15 13 12 11 16 17 18
70 2 24 3 1 0 2 3 5 4 8 7 6 9 10 11 12 13 16 17 15 14 22 20 23 21 19 18 24 25 26 27 28 0 2 1 4 3 5 6 7 9 10 8 14 15 13 12 11 16 17 18
71 2 25 3 1 0 2 3 5 4 8 7 6 9 10 11 13 12 16 17 15 14 22 20 23 21 19 18 24 25 26 27 28 0 2 1 4 3 5 6 7 9 10 8 14 15 13 12 11 16 17 18
72 2 26 4 1 0 2 3 5 4 8 7 6 9 10 11 12 13 16 17 18 15 14 21 23 22 24 20 19 25 26 27 28 0 2 1 4 3 5 6 7 9 10 8 14 15 13 12 11 16 17 18
73 2 27 4 1 0 2 3 5 4 8 7 6 9 10 11 12 13 16 17 18 15 14 21 23 24 22 20 19 25 26 27 28 0 2 1 4 3 5 6 7 9 10 8 14 15 13 12 11 16 17 18
74 2 28 4 1 0 2 3 5 4 8 7 6 9 10 11 12 13 16 17 18 15 14 24 22 21 23 20 19 25 26 27 28 0 2 1 4 3 5 6 7 9 10 8 15 14 13 12 11 16 17 18
75 2 29 4 1 0 2 3 5 4 8 7 6 9 10 11 12 13 16 17 18 15 14 24 22 23 21 20 19 25 26 27 28 0 2 1 4 3 5 6 7 9 10 8 15 14 13 12 11 16 17 18
76 2 30 4 1 0 2 3 5 4 8 7 6 10 9 11 12 13 16 17 18 15 14 21 23 22 24 20 19 25 27 26 28 0 2 1 4 3 5 6 7 9 10 8 14 15 13 12 11 17 18 16
77 2 31 4 1 0 2 3 5 4 8 7 6 10 9 11 12 13 16 17 18 15 14 21 23 22 24 20 19 25 27 28 26 0 2 1 4 3 5 6 7 9 10 8 14 15 13 12 11 17 18 16
78 2 32 4 1 0 2 3 5 4 8 7 6 10 9 11 12 13 16 17 18 15 14 21 23 22 24 20 19 27 25 26 28 0 2 1 4 3 5 6 7 9 10 8 14 15 13 12 11 17 18 16
79 2 33 4 1 0 2 3 5 4 8 7 6 10 9 11 12 13 16 17 18 15 14 21 23 22 24 20 19 27 25 28 26 0 2 1 4 3 5 6 7 9 10 8 14 15 13 12 11 17 18 16
80 2 34 4 1 0 2 3 5 4 8 7 6 10 9 11 12 13 16 17 18 15 14 21 23 24 22 20 19 25 27 26 28 0 2 1 4 3 5 6 7 9 10 8 14 15 13 12 11 17 18 16
81 2 35 4 1 0 2 3 5 4 8 7 6 10 9 11 12 13 16 17 18 15 14 21 23 24 22 20 19 25 27 28 26 0 2 1 4 3 5 6 7 9 10 8 14 15 13 12 11 17 18 16
82 2 36 4 1 0 2 3 5 4 8 7 6 10 9 11 12 13 16 17 18 15 14 21 23 24 22 20 19 27 25 26 28 0 2 1 4 3 5 6 7 9 10 8 14 15 13 12 11 17 18 16
83 2 37 4 1 0 2 3 5 4 8 7 6 10 9 11 12 13 16 17 18 15 14 21 23 24 22 20 19 27 25 28 26 0 2 1 4 3 5 6 7 9 10 8 14 15 13 12 11 17 18 16
84 2 38 4 1 0 2 3 5 4 8 7 6 10 9 11 12 13 16 17 18 15 14 24 22 21 23 20 19 25 27 26 28 0 2 1 4 3 5 6 7 9 10 8 15 14 13 12 11 17 18 16
85 2 39 4 1 0 2 3 5 4 8 7 6 10 9 11 12 13 16 17 18 15 14 24 22 21 23 20 19 25 27 28 26 0 2 1 4 3 5 6 7 9 10 8 15 14 13 12 11 17 18 16
86 2 40 4 1 0 2 3 5 4 8 7 6 10 9 11 12 13 16 17 18 15 14 24 22 21 23 20 19 27 25 26 28 0 2 1 4 3 5 6 7 9 10 8 15 14 13 12 11 17 18 16
87 2 41 4 1 0 2 3 5 4 8 7 6 10 9 11 12 13 16 17 18 15 14 24 22 21 23 20 19 27 25 28 26 0 2 1 4 3 5 6 7 9 10 8 15 14 13 12 11 17 18 16
88 2 42 4 1 0 2 3 5 4 8 7 6 10 9 11 12 13 16 17 18 15 14 24 22 23 21 20 19 25 27 26 28 0 2 1 4 3 5 6 7 9 10 8 15 14 13 12 11 17 18 16
89 2 43 4 1 0 2 3 5 4 8 7 6 10 9 11 12 13 16 17 18 15 14 24 22 23 21 20 19 25 27 28 26 0 2 1 4 3 5 6 7 9 10 8 15 14 13 12 11 17 18 16
90 2 44 4 1 0 2 3 5 4 8 7 6 10 9 11 12 13 16 17 18 15 14 24 22 23 21 20 19 27 25 26 28 0 2 1 4 3 5 6 7 9 10 8 15 14 13 12 11 17 18 16
91 2 45 4 1 0 2 3 5 4 8 7 6 10 9 11 12 13 16 17 18 15 14 24 22 23 21 20 19 27 25 28 26 0 2 1 4 3 5 6 7 9 10 8 15 14 13 12 11 17 18 16
92 2 46 4 1 2 0 4 5 3 7 8 9 10 6 15 14 16 18 17 11 13 12 21 22 23 24 25 26 27 28 20 19 1 2 0 4 5 3 8 9 10 6 7 13 14 15 16 17 18 12 11
93 2 47 4 1 2 0 4 5 3 8 7 9 10 6 15 14 16 18 17 11 13 12 21 23 22 24 25 26 27 28 20 19 1 2 0 4 5 3 8 9 10 6 7 14 15 13 16 17 18 12 11
94 2 48 4 1 2 0 4 5 3 8 7 9 10 6 15 14 16 18 17 11 13 12 21 23 24 22 25 26 27 28 20 19 1 2 0 4 5 3 8 9 10 6 7 14 15 13 16 17 18 12 11
95 2 49 4 1 2 0 4 5 3 8 7 9 10 6 15 14 16 18 17 11 13 12 24 22 21 23 25 26 27 28 20 19 1 2 0 4 5 3 8 9 10 6 7 15 14 13 16 17 18 12 11
96 2 50 4 1 2 0 4 5 3 8 7 9 10 6 15 14 16 18 17 11 13 12 24 22 23 21 25 26 27 28 20 19 1 2 0 4 5 3 8 9 10 6 7 15 14 13 16 17 18 12 11
97 2 51 4 1 2 0 4 5 3 7 8 10 9 6 15 14 16 18 17 11 13 12 21 22 23 24 26 28 25 27 20 19 1 2 0 4 5 3 8 9 10 6 7 13 14 15 18 17 16 12 11
98 2 52 4 1 2 0 4 5 3 7 8 10 9 6 15 14 16 18 17 11 13 12 21 22 23 24 26 28 27 25 20 19 1 2 0 4 5 3 8 9 10 6 7 13 14 15 18 17 16 12 11
99 2 53 4 1 2 0 4 5 3 7 8 10 9 6 15 14 16 18 17 11 13 12 21 22 23 24 28 26 25 27 20 19 1 2 0 4 5 3 8 9 10 6 7 13 14 15 18 17 16 12 11
100 2 54 4 1 2 0 4 5 3 7 8 10 9 6 15 14 16 18 17 11 13 12 21 22 23 24 28 26 27 25 20 19 1 2 0 4 5 3 8 9 10 6 7 13 14 15 18 17 16 12 11
101 2 55 4 1 2 0 4 5 3 8 7 10 9 6 15 14 16 18 17 11 13 12 21 23 22 24 26 28 25 27 20 19 1 2 0 4 5 3 8 9 10 6 7 14 15 13 18 17 16 12 11
102 2 56 4 1 2 0 4 5 3 8 7 10 9 6 15 14 16 18 17 11 13 12 21 23 22 24 26 28 27 25 20 19 1 2 0 4 5 3 8 9 10 6 7 14 15 13 18 17 16 12 11
103 2 57 4 1 2 0 4 5 3 8 7 10 9 6 15 14 16 18 17 11 13 12 21 23 22 24 28 26 25 27 20 19 1 2 0 4 5 3 8 9 10 6 7 14 15 13 18 17 16 12 11
104 2 58 4 1 2 0 4 5 3 8 7 10 9 6 15 14 16 18 17 11 13 12 21 23 22 24 28 26 27 25 20 19 1 2 0 4 5 3 8 9 10 6 7 14 15 13 18 17 16 12 11
105 2 59 4 1 2 0 4 5 3 8 7 10 9 6 15 14 16 18 17 11 13 12 21 23 24 22 26 28 25 27 20 19 1 2 0 4 5 3 8 9 10 6 7 14 15 13 18 17 16 12 11
106 2 60 4 1 2 0 4 5 3 8 7 10 9 6 15 14 16 18 17 11 13 12 21 23 24 22 26 28 27 25 20 19 1 2 0 4 5 3 8 9 10 6 7 14 15 13 18 17 16 12 11
107 2 61 4 1 2 0 4 5 3 8 7 10 9 6 15 14 16 18 17 11 13 12 21 23 24 22 28 26 25 27 20 19 1 2 0 4 5 3 8 9 10 6 7 14 15 13 18 17 16 12 11
108 2 62 4 1 2 0 4 5 3 8 7 10 9 6 15 14 16 18 17 11 13 12 21 23 24 22 28 26 27 25 20 19 1 2 0 4 5 3 8 9 10 6 7 14 15 13 18 17 16 12 11
109 2 63 4 1 2 0 4 5 3 8 7 10 9 6 15 14 16 18 17 11 13 12 24 22 21 23 26 28 25 27 20 19 1 2 0 4 5 3 8 9 10 6 7 15 14 13 18 17 16 12 11
110 2 64 4 1 2 0 4 5 3 8 7 10 9 6 15 14 16 18 17 11 13 12 24 22 21 23 26 28 27 25 20 19 1 2 0 4 5 3 8 9 10 6 7 15 14 13 18 17 16 12 11
111 2 65 4 1 2 0 4 5 3 8 7 10 9 6 15 14 16 18 17 11 13 12 24 22 21 23 28 26 25 27 20 19 1 2 0 4 5 3 8 9 10 6 7 15 14 13 18 17 16 12 11
112 2 66 4 1 2 0 4 5 3 8 7 10 9 6 15 14 16 18 17 11 13 12 24 22 21 23 28 26 27 25 20 19 1 2 0 4 5 3 8 9 10 6 7 15 14 13 18 17 16 12 11
113 2 67 4 1 2 0 4 5 3 8 7 10 9 6 15 14 16 18 17 11 13 12 24 22 23 21 26 28 25 27 20 19 1 2 0 4 5 3 8 9 10 6 7 15 14 13 18 17 16 12 11
114 2 68 4 1 2 0 4 5 3 8 7 10 9 6 15 14 16 18 17 11 13 12 24 22 23 21 26 28 27 25 20 19 1 2 0 4 5 3 8 9 10 6 7 15 14 13 18 17 16 12 11
115 2 69 4 1 2 0 4 5 3 8 7 10 9 6 15 14 16 18 17 11 13 12 24 22 23 21 28 26 25 27 20 19 1 2 0 4 5 3 8 9 10 6 7 15 14 13 18 17 16 12 11
116 2 70 4 1 2 0 4 5 3 8 7 10 9 6 15 14 16 18 17 11 13 12 24 22 23 21 28 26 27 25 20 19 1 2 0 4 5 3 8 9 10 6 7 15 14 13 18 17 16 12 11
117 2 71 5 0 1 2 3 4 5 6 7 8 9 11 10 12 14 13 16 15 17 18 19 20 22 21 24 23 25 26 27 28 0 1 2 3 4 5 6 7 9 8 10 11 12 14 13 15 16 17 18
118 2 72 5 0 1 2 3 4 5 6 7 8 9 11 10 12 14 13 16 15 17 18 20 19 22 21 24 23 25 26 27 28 0 1 2 3 4 5 6 7 9 8 10 11 12 14 13 15 16 17 18
119 2 73 6 0 1 2 3 4 5 6 7 9 8 11 10 12 14 13 16 15 20 19 17 18 22 21 24 23 28 27 25 26 0 1 2 3 4 5 6 7 9 8 11 10 12 14 13 18 17 15 16
120 2 74 5 0 1 2 3 4 5 6 7 8 9 11 10 12 14 13 16 15 18 17 19 20 22 21 24 23 25 26 27 28 0 1 2 3 4 5 6 7 9 8 10 11 12 14 13 15 16 17 18
121 2 75 5 0 1 2 3 4 5 6 7 8 9 11 10 12 14 13 16 15 18 17 20 19 22 21 24 23 25 26 27 28 0 1 2 3 4 5 6 7 9 8 10 11 12 14 13 15 16 17 18
122 2 76 6 0 1 2 3 4 5 6 7 9 8 11 10 12 14 13 16 15 18 17 19 20 22 21 24 23 27 28 26 25 0 1 2 3 4 5 6 7 9 8 10 11 12 14 13 17 18 16 15
123 2 77 5 0 1 2 3 4 5 6 7 9 8 11 10 12 14 13 16 15 17 18 19 20 22 21 24 23 25 27 26 28 0 1 2 3 4 5 6 7 9 8 10 11 12 14 13 17 18 15 16
124 2 78 5 0 1 2 3 4 5 6 7 9 8 11 10 12 14 13 16 15 17 18 19 20 22 21 24 23 25 27 28 26 0 1 2 3 4 5 6 7 9 8 10 11 12 14 13 17 18 15 16
125 2 79 5 0 1 2 3 4 5 6 7 9 8 11 10 12 14 13 16 15 17 18 19 20 22 21 24 23 27 25 26 28 0 1 2 3 4 5 6 7 9 8 10 11 12 14 13 17 18 15 16
126 2 80 5 0 1 2 3 4 5 6 7 9 8 11 10 12 14 13 16 15 17 18 19 20 22 21 24 23 27 25 28 26 0 1 2 3 4 5 6 7 9 8 10 11 12 14 13 17 18 15 16
127 2 81 5 0 1 2 3 4 5 6 7 9 8 11 10 12 14 13 16 15 17 18 20 19 22 21 24 23 25 27 26 28 0 1 2 3 4 5 6 7 9 8 10 11 12 14 13 17 18 15 16
128 2 82 5 0 1 2 3 4 5 6 7 9 8 11 10 12 14 13 16 15 17 18 20 19 22 21 24 23 25 27 28 26 0 1 2 3 4 5 6 7 9 8 10 11 12 14 13 17 18 15 16
129 2 83 5 0 1 2 3 4 5 6 7 9 8 11 10 12 14 13 16 15 17 18 20 19 22 21 24 23 27 25 26 28 0 1 2 3 4 5 6 7 9 8 10 11 12 14 13 17 18 15 16
130 2 84 5 0 1 2 3 4 5 6 7 9 8 11 10 12 14 13 16 15 17 18 20 19 22 21 24 23 27 25 28 26 0 1 2 3 4 5 6 7 9 8 10 11 12 14 13 17 18 15 16
131 2 85 5 0 1 2 3 4 5 6 7 9 8 11 10 12 14 13 16 15 18 17 19 20 22 21 24 23 25 27 26 28 0 1 2 3 4 5 6 7 9 8 10 11 12 14 13 17 18 15 16
132 2 86 5 0 1 2 3 4 5 6 7 9 8 11 10 12 14 13 16 15 18 17 19 20 22 21 24 23 25 27 28 26 0 1 2 3 4 5 6 7 9 8 10 11 12 14 13 17 18 15 16
133 2 87 5 0 1 2 3 4 5 6 7 9 8 11 10 12 14 13 16 15 18 17 19 20 22 21 24 23 27 25 26 28 0 1 2 3 4 5 6 7 9 8 10 11 12 14 13 17 18 15 16
134 2 88 5 0 1 2 3 4 5 6 7 9 8 11 10 12 14 13 16 15 18 17 19 20 22 21 24 23 27 25 28 26 0 1 2 3 4 5 6 7 9 8 10 11 12 14 13 17 18 15 16
135 2 89 5 0 1 2 3 4 5 6 7 9 8 11 10 12 14 13 16 15 18 17 20 19 22 21 24 23 25 27 26 28 0 1 2 3 4 5 6 7 9 8 10 11 12 14 13 17 18 15 16
136 2 90 5 0 1 2 3 4 5 6 7 9 8 11 10 12 14 13 16 15 18 17 20 19 22 21 24 23 25 27 28 26 0 1 2 3 4 5 6 7 9 8 10 11 12 14 13 17 18 15 16
137 2 91 5 0 1 2 3 4 5 6 7 9 8 11 10 12 14 13 16 15 18 17 20 19 22 21 24 23 27 25 26 28 0 1 2 3 4 5 6 7 9 8 10 11 12 14 13 17 18 15 16
138 2 92 5 0 1 2 3 4 5 6 7 9 8 11 10 12 14 13 16 15 18 17 20 19 22 21 24 23 27 25 28 26 0 1 2 3 4 5 6 7 9 8 10 11 12 14 13 17 18 15 16
139 2 93 5 0 1 2 3 4 5 7 6 8 9 11 10 12 14 13 16 15 17 18 19 20 21 23 22 24 25 26 27 28 0 1 2 3 4 5 6 7 9 8 10 11 13 14 12 15 16 17 18
140 2 94 5 0 1 2 3 4 5 7 6 8 9 11 10 12 14 13 16 15 17 18 20 19 21 23 22 24 25 26 27 28 0 1 2 3 4 5 6 7 9 8 10 11 13 14 12 15 16 17 18
141 2 95 6 0 1 2 3 4 5 7 6 9 8 11 10 12 14 13 16 15 20 19 17 18 21 23 22 24 28 27 25 26 0 1 2 3 4 5 6 7 9 8 11 10 13 14 12 18 17 15 16
142 2 96 5 0 1 2 3 4 5 7 6 8 9 11 10 12 14 13 16 15 18 17 19 20 21 23 22 24 25 26 27 28 0 1 2 3 4 5 6 7 9 8 10 11 13 14 12 15 16 17 18
143 2 97 5 0 1 2 3 4 5 7 6 8 9 11 10 12 14 13 16 15 18 17 20 19 21 23 22 24 25 26 27 28 0 1 2 3 4 5 6 7 9 8 10 11 13 14 12 15 16 17 18
144 2 98 6 0 1 2 3 4 5 7 6 9 8 11 10 12 14 13 16 15 18 17 19 20 21 23 22 24 27 28 26 25 0 1 2 3 4 5 6 7 9 8 10 11 13 14 12 17 18 16 15
145 2 99 5 0 1 2 3 4 5 7 6 9 8 11 10 12 14 13 16 15 17 18 19 20 21 23 22 24 25 27 26 28 0 1 2 3 4 5 6 7 9 8 10 11 13 14 12 17 18 15 16
146 2 100 5 0 1 2 3 4 5 7 6 9 8 11 10 12 14 13 16 15 17 18 19 20 21 23 22 24 25 27 28 26 0 1 2 3 4 5 6 7 9 8 10 11 13 14 12 17 18 15 16
147 2 101 5 0 1 2 3 4 5 7 6 9 8 11 10 12 14 13 16 15 17 18 19 20 21 23 22 24 27 25 26 28 0 1 2 3 4 5 6 7 9 8 10 11 13 14 12 17 18 15 16
148 2 102 5 0 1 2 3 4 5 7 6 9 8 11 10 12 14 13 16 15 17 18 19 20 21 23 22 24 27 25 28 26 0 1 2 3 4 5 6 7 9 8 10 11 13 14 12 17 18 15 16
149 2 103 5 0 1 2 3 4 5 7 6 9 8 11 10 12 14 13 16 15 17 18 20 19 21 23 22 24 25 27 26 28 0 1 2 3 4 5 6 7 9 8 10 11 13 14 12 17 18 15 16
150 2 104 5 0 1 2 3 4 5 7 6 9 8 11 10 12 14 13 16 15 17 18 20 19 21 23 22 24 25 27 28 26 0 1 2 3 4 5 6 7 9 8 10 11 13 14 12 17 18 15 16
151 2 105 5 0 1 2 3 4 5 7 6 9 8 11 10 12 14 13 16 15 17 18 20 19 21 23 22 24 27 25 26 28 0 1 2 3 4 5 6 7 9 8 10 11 13 14 12 17 18 15 16
152 2 106 5 0 1 2 3 4 5 7 6 9 8 11 10 12 14 13 16 15 17 18 20 19 21 23 22 24 27 25 28 26 0 1 2 3 4 5 6 7 9 8 10 11 13 14 12 17 18 15 16
153 2 107 5 0 1 2 3 4 5 7 6 9 8 11 10 12 14 13 16 15 18 17 19 20 21 23 22 24 25 27 26 28 0 1 2 3 4 5 6 7 9 8 10 11 13 14 12 17 18 15 16
154 2 108 5 0 1 2 3 4 5 7 6 9 8 11 10 12 14 13 16 15 18 17 19 20 21 23 22 24 25 27 28 26 0 1 2 3 4 5 6 7 9 8 10 11 13 14 12 17 18 15 16
155 2 109 5 0 1 2 3 4 5 7 6 9 8 11 10 12 14 13 16 15 18 17 19 20 21 23 22 24 27 25 26 28 0 1 2 3 4 5 6 7 9 8 10 11 13 14 12 17 18 15 16
156 2 110 5 0 1 2 3 4 5 7 6 9 8 11 10 12 14 13 16 15 18 17 19 20 21 23 22 24 27 25 28 26 0 1 2 3 4 5 6 7 9 8 10 11 13 14 12 17 18 15 16
157 2 111 5 0 1 2 3 4 5 7 6 9 8 11 10 12 14 13 16 15 18 17 20 19 21 23 22 24 25 27 26 28 0 1 2 3 4 5 6 7 9 8 10 11 13 14 12 17 18 15 16
158 2 112 5 0 1 2 3 4 5 7 6 9 8 11 10 12 14 13 16 15 18 17 20 19 21 23 22 24 25 27 28 26 0 1 2 3 4 5 6 7 9 8 10 11 13 14 12 17 18 15 16
159 2 113 5 0 1 2 3 4 5 7 6 9 8 11 10 12 14 13 16 15 18 17 20 19 21 23 22 24 27 25 26 28 0 1 2 3 4 5 6 7 9 8 10 11 13 14 12 17 18 15 16
160 2 114 5 0 1 2 3 4 5 7 6 9 8 11 10 12 14 13 16 15 18 17 20 19 21 23 22 24 27 25 28 26 0 1 2 3 4 5 6 7 9 8 10 11 13 14 12 17 18 15 16
161 2 115 5 0 1 2 3 4 5 7 6 8 9 11 10 12 14 13 16 15 17 18 19 20 21 23 24 22 25 26 27 28 0 1 2 3 4 5 6 7 9 8 10 11 13 14 12 15 16 17 18
162 2 116 5 0 1 2 3 4 5 7 6 8 9 11 10 12 14 13 16 15 17 18 20 19 21 23 24 22 25 26 27 28 0 1 2 3 4 5 6 7 9 8 10 11 13 14 12 15 16 17 18
163 2 117 6 0 1 2 3 4 5 7 6 9 8 11 10 12 14 13 16 15 20 19 17 18 21 23 24 22 28 27 25 26 0 1 2 3 4 5 6 7 9 8 11 10 13 14 12 18 17 15 16
164 2 118 5 0 1 2 3 4 5 7 6 8 9 11 10 12 14 13 16 15 18 17 19 20 21 23 24 22 25 26 27 28 0 1 2 3 4 5 6 7 9 8 10 11 13 14 12 15 16 17 18
165 2 119 5 0 1 2 3 4 5 7 6 8 9 11 10 12 14 13 16 15 18 17 20 19 21 23 24 22 25 26 27 28 0 1 2 3 4 5 6 7 9 8 10 11 13 14 12 15 16 17 18
166 2 120 6 0 1 2 3 4 5 7 6 9 8 11 10 12 14 13 16 15 18 17 19 20 21 23 24 22 27 28 26 25 0 1 2 3 4 5 6 7 9 8 10 11 13 14 12 17 18 16 15
167 2 121 5 0 1 2 3 4 5 7 6 9 8 11 10 12 14 13 16 15 17 18 19 20 21 23 24 22 25 27 26 28 0 1 2 3 4 5 6 7 9 8 10 11 13 14 12 17 18 15 16
168 2 122 5 0 1 2 3 4 5 7 6 9 8 11 10 12 14 13 16 15 17 18 19 20 21 23 24 22 25 27 28 26 0 1 2 3 4 5 6 7 9 8 10 11 13 14 12 17 18 15 16
169 2 123 5 0 1 2 3 4 5 7 6 9 8 11 10 12 14 13 16 15 17 18 19 20 21 23 24 22 27 25 26 28 0 1 2 3 4 5 6 7 9 8 10 11 13 14 12 17 18 15 16
170 2 124 5 0 1 2 3 4 5 7 6 9 8 11 10 12 14 13 16 15 17 18 19 20 21 23 24 22 27 25 28 26 0 1 2 3 4 5 6 7 9 8 10 11 13 14 12 17 18 15 16
171 2 125 5 0 1 2 3 4 5 7 6 9 8 11 10 12 14 13 16 15 17 18 20 19 21 23 24 22 25 27 26 28 0 1 2 3 4 5 6 7 9 8 10 11 13 14 12 17 18 15 16
172 2 126 5 0 1 2 3 4 5 7 6 9 8 11 10 12 14 13 16 15 17 18 20 19 21 23 24 22 25 27 28 26 0 1 2 3 4 5 6 7 9 8 10 11 13 14 12 17 18 15 16
173 2 127 5 0 1 2 3 4 5 7 6 9 8 11 10 12 14 13 16 15 17 18 20 19 21 23 24 22 27 25 26 28 0 1 2 3 4 5 6 7 9 8 10 11 13 14 12 17 18 15 16
174 2 128 5 0 1 2 3 4 5 7 6 9 8 11 10 12 14 13 16 15 17 18 20 19 21 23 24 22 27 25 28 26 0 1 2 3 4 5 6 7 9 8 10 11 13 14 12 17 18 15 16
175 2 129 5 0 1 2 3 4 5 7 6 9 8 11 10 12 14 13 16 15 18 17 19 20 21 23 24 22 25 27 26 28 0 1 2 3 4 5 6 7 9 8 10 11 13 14 12 17 18 15 16
176 2 130 5 0 1 2 3 4 5 7 6 9 8 11 10 12 14 13 16 15 18 17 19 20 21 23 24 22 25 27 28 26 0 1 2 3 4 5 6 7 9 8 10 11 13 14 12 17 18 15 16
177 2 131 5 0 1 2 3 4 5 7 6 9 8 11 10 12 14 13 16 15 18 17 19 20 21 23 24 22 27 25 26 28 0 1 2 3 4 5 6 7 9 8 10 11 13 14 12 17 18 15 16
178 2 132 5 0 1 2 3 4 5 7 6 9 8 11 10 12 14 13 16 15 18 17 19 20 21 23 24 22 27 25 28 26 0 1 2 3 4 5 6 7 9 8 10 11 13 14 12 17 18 15 16
179 2 133 5 0 1 2 3 4 5 7 6 9 8 11 10 12 14 13 16 15 18 17 20 19 21 23 24 22 25 27 26 28 0 1 2 3 4 5 6 7 9 8 10 11 13 14 12 17 18 15 16
180 2 134 5 0 1 2 3 4 5 7 6 9 8 11 10 12 14 13 16 15 18 17 20 19 21 23 24 22 25 27 28 26 0 1 2 3 4 5 6 7 9 8 10 11 13 14 12 17 18 15 16
181 2 135 5 0 1 2 3 4 5 7 6 9 8 11 10 12 14 13 16 15 18 17 20 19 21 23 24 22 27 25 26 28 0 1 2 3 4 5 6 7 9 8 10 11 13 14 12 17 18 15 16
182 2 136 5 0 1 2 3 4 5 7 6 9 8 11 10 12 14 13 16 15 18 17 20 19 21 23 24 22 27 25 28 26 0 1 2 3 4 5 6 7 9 8 10 11 13 14 12 17 18 15 16
183 2 137 5 0 1 2 3 4 5 7 6 8 9 11 10 12 14 13 16 15 17 18 19 20 23 21 22 24 25 26 27 28 0 1 2 3 4 5 6 7 9 8 10 11 13 14 12 15 16 17 18
184 2 138 5 0 1 2 3 4 5 7 6 8 9 11 10 12 14 13 16 15 17 18 20 19 23 21 22 24 25 26 27 28 0 1 2 3 4 5 6 7 9 8 10 11 13 14 12 15 16 17 18
185 2 139 6 0 1 2 3 4 5 7 6 9 8 11 10 12 14 13 16 15 20 19 17 18 23 21 22 24 28 27 25 26 0 1 2 3 4 5 6 7 9 8 11 10 13 14 12 18 17 15 16
186 2 140 5 0 1 2 3 4 5 7 6 8 9 11 10 12 14 13 16 15 18 17 19 20 23 21 22 24 25 26 27 28 0 1 2 3 4 5 6 7 9 8 10 11 13 14 12 15 16 17 18
187 2 141 5 0 1 2 3 4 5 7 6 8 9 11 10 12 14 13 16 15 18 17 20 19 23 21 22 24 25 26 27 28 0 1 2 3 4 5 6 7 9 8 10 11 13 14 12 15 16 17 18
188 2 142 6 0 1 2 3 4 5 7 6 9 8 11 10 12 14 13 16 15 18 17 19 20 23 21 22 24 27 28 26 25 0 1 2 3 4 5 6 7 9 8 10 11 13 14 12 17 18 16 15
189 2 143 5 0 1 2 3 4 5 7 6 9 8 11 10 12 14 13 16 15 17 18 19 20 23 21 22 24 25 27 26 28 0 1 2 3 4 5 6 7 9 8 10 11 13 14 12 17 18 15 16
190 2 144 5 0 1 2 3 4 5 7 6 9 8 11 10 12 14 13 16 15 17 18 19 20 23 21 22 24 25 27 28 26 0 1 2 3 4 5 6 7 9 8 10 11 13 14 12 17 18 15 16
191 2 145 5 0 1 2 3 4 5 7 6 9 8 11 10 12 14 13 16 15 17 18 19 20 23 21 22 24 27 25 26 28 0 1 2 3 4 5 6 7 9 8 10 11 13 14 12 17 18 15 16
192 2 146 5 0 1 2 3 4 5 7 6 9 8 11 10 12 14 13 16 15 17 18 19 20 23 21 22 24 27 25 28 26 0 1 2 3 4 5 6 7 9 8 10 11 13 14 12 17 18 15 16
193 2 147 5 0 1 2 3 4 5 7 6 9 8 11 10 12 14 13 16 15 17 18 20 19 23 21 22 24 25 27 26 28 0 1 2 3 4 5 6 7 9 8 10 11 13 14 12 17 18 15 16
194 2 148 5 0 1 2 3 4 5 7 6 9 8 11 10 12 14 13 16 15 17 18 20 19 23 21 22 24 25 27 28 26 0 1 2 3 4 5 6 7 9 8 10 11 13 14 12 17 18 15 16
195 2 149 5 0 1 2 3 4 5 7 6 9 8 11 10 12 14 13 16 15 17 18 20 19 23 21 22 24 27 25 26 28 0 1 2 3 4 5 6 7 9 8 10 11 13 14 12 17 18 15 16
196 2 150 5 0 1 2 3 4 5 7 6 9 8 11 10 12 14 13 16 15 17 18 20 19 23 21 22 24 27 25 28 26 0 1 2 3 4 5 6 7 9 8 10 11 13 14 12 17 18 15 16
197 2 151 5 0 1 2 3 4 5 7 6 9 8 11 10 12 14 13 16 15 18 17 19 20 23 21 22 24 25 27 26 28 0 1 2 3 4 5 6 7 9 8 10 11 13 14 12 17 18 15 16
198 2 152 5 0 1 2 3 4 5 7 6 9 8 11 10 12 14 13 16 15 18 17 19 20 23 21 22 24 25 27 28 26 0 1 2 3 4 5 6 7 9 8 10 11 13 14 12 17 18 15 16
199 2 153 5 0 1 2 3 4 5 7 6 9 8 11 10 12 14 13 16 15 18 17 19 20 23 21 22 24 27 25 26 28 0 1 2 3 4 5 6 7 9 8 10 11 13 14 12 17 18 15 16
200 2 154 5 0 1 2 3 4 5 7 6 9 8 11 10 12 14 13 16 15 18 17 19 20 23 21 22 24 27 25 28 26 0 1 2 3 4 5 6 7 9 8 10 11 13 14 12 17 18 15 16
201 2 155 5 0 1 2 3 4 5 7 6 9 8 11 10 12 14 13 16 15 18 17 20 19 23 21 22 24 25 27 26 28 0 1 2 3 4 5 6 7 9 8 10 11 13 14 12 17 18 15 16
202 2 156 5 0 1 2 3 4 5 7 6 9 8 11 10 12 14 13 16 15 18 17 20 19 23 21 22 24 25 27 28 26 0 1 2 3 4 5 6 7 9 8 10 11 13 14 12 17 18 15 16
203 2 157 5 0 1 2 3 4 5 7 6 9 8 11 10 12 14 13 16 15 18 17 20 19 23 21 22 24 27 25 26 28 0 1 2 3 4 5 6 7 9 8 10 11 13 14 12 17 18 15 16
204 2 158 5 0 1 2 3 4 5 7 6 9 8 11 10 12 14 13 16 15 18 17 20 19 23 21 22 24 27 25 28 26 0 1 2 3 4 5 6 7 9 8 10 11 13 14 12 17 18 15 16
205 2 159 5 0 1 2 3 4 5 7 6 8 9 11 10 12 14 13 16 15 17 18 19 20 23 21 24 22 25 26 27 28 0 1 2 3 4 5 6 7 9 8 10 11 13 14 12 15 16 17 18
206 2 160 5 0 1 2 3 4 5 7 6 8 9 11 10 12 14 13 16 15 17 18 20 19 23 21 24 22 25 26 27 28 0 1 2 3 4 5 6 7 9 8 10 11 13 14 12 15 16 17 18
207 2 161 6 0 1 2 3 4 5 7 6 9 8 11 10 12 14 13 16 15 20 19 17 18 23 21 24 22 28 27 25 26 0 1 2 3 4 5 6 7 9 8 11 10 13 14 12 18 17 15 16
208 2 162 5 0 1 2 3 4 5 7 6 8 9 11 10 12 14 13 16 15 18 17 19 20 23 21 24 22 25 26 27 28 0 1 2 3 4 5 6 7 9 8 10 11 13 14 12 15 16 17 18
209 2 163 5 0 1 2 3 4 5 7 6 8 9 11 10 12 14 13 16 15 18 17 20 19 23 21 24 22 25 26 27 28 0 1 2 3 4 5 6 7 9 8 10 11 13 14 12 15 16 17 18
210 2 164 6 0 1 2 3 4 5 7 6 9 8 11 10 12 14 13 16 15 18 17 19 20 23 21 24 22 27 28 26 25 0 1 2 3 4 5 6 7 9 8 10 11 13 14 12 17 18 16 15
211 2 165 5 0 1 2 3 4 5 7 6 9 8 11 10 12 14 13 16 15 17 18 19 20 23 21 24 22 25 27 26 28 0 1 2 3 4 5 6 7 9 8 10 11 13 14 12 17 18 15 16
212 2 166 5 0 1 2 3 4 5 7 6 9 8 11 10 12 14 13 16 15 17 18 19 20 23 21 24 22 25 27 28 26 0 1 2 3 4 5 6 7 9 8 10 11 13 14 12 17 18 15 16
213 2 167 5 0 1 2 3 4 5 7 6 9 8 11 10 12 14 13 16 15 17 18 19 20 23 21 24 22 27 25 26 28 0 1 2 3 4 5 6 7 9 8 10 11 13 14 12 17 18 15 16
214 2 168 5 0 1 2 3 4 5 7 6 9 8 11 10 12 14 13 16 15 17 18 19 20 23 21 24 22 27 25 28 26 0 1 2 3 4 5 6 7 9 8 10 11 13 14 12 17 18 15 16
215 2 169 5 0 1 2 3 4 5 7 6 9 8 11 10 12 14 13 16 15 17 18 20 19 23 21 24 22 25 27 26 28 0 1 2 3 4 5 6 7 9 8 10 11 13 14 12 17 18 15 16
216 2 170 5 0 1 2 3 4 5 7 6 9 8 11 10 12 14 13 16 15 17 18 20 19 23 21 24 22 25 27 28 26 0 1 2 3 4 5 6 7 9 8 10 11 13 14 12 17 18 15 16
217 2 171 5 0 1 2 3 4 5 7 6 9 8 11 10 12 14 13 16 15 17 18 20 19 23 21 24 22 27 25 26 28 0 1 2 3 4 5 6 7 9 8 10 11 13 14 12 17 18 15 16
218 2 172 5 0 1 2 3 4 5 7 6 9 8 11 10 12 14 13 16 15 17 18 20 19 23 21 24 22 27 25 28 26 0 1 2 3 4 5 6 7 9 8 10 11 13 14 12 17 18 15 16
219 2 173 5 0 1 2 3 4 5 7 6 9 8 11 10 12 14 13 16 15 18 17 19 20 23 21 24 22 25 27 26 28 0 1 2 3 4 5 6 7 9 8 10 11 13 14 12 17 18 15 16
220 2 174 5 0 1 2 3 4 5 7 6 9 8 11 10 12 14 13 16 15 18 17 19 20 23 21 24 22 25 27 28 26 0 1 2 3 4 5 6 7 9 8 10 11 13 14 12 17 18 15 16
221 2 175 5 0 1 2 3 4 5 7 6 9 8 11 10 12 14 13 16 15 18 17 19 20 23 21 24 22 27 25 26 28 0 1 2 3 4 5 6 7 9 8 10 11 13 14 12 17 18 15 16
222 2 176 5 0 1 2 3 4 5 7 6 9 8 11 10 12 14 13 16 15 18 17 19 20 23 21 24 22 27 25 28 26 0 1 2 3 4 5 6 7 9 8 10 11 13 14 12 17 18 15 16
223 2 177 5 0 1 2 3 4 5 7 6 9 8 11 10 12 14 13 16 15 18 17 20 19 23 21 24 22 25 27 26 28 0 1 2 3 4 5 6 7 9 8 10 11 13 14 12 17 18 15 16
224 2 178 5 0 1 2 3 4 5 7 6 9 8 11 10 12 14 13 16 15 18 17 20 19 23 21 24 22 25 27 28 26 0 1 2 3 4 5 6 7 9 8 10 11 13 14 12 17 18 15 16
225 2 179 5 0 1 2 3 4 5 7 6 9 8 11 10 12 14 13 16 15 18 17 20 19 23 21 24 22 27 25 26 28 0 1 2 3 4 5 6 7 9 8 10 11 13 14 12 17 18 15 16
226 2 180 5 0 1 2 3 4 5 7 6 9 8 11 10 12 14 13 16 15 18 17 20 19 23 21 24 22 27 25 28 26 0 1 2 3 4 5 6 7 9 8 10 11 13 14 12 17 18 15 16
227 2 181 5 1 0 2 3 5 4 8 9 6 7 11 10 12 14 13 19 20 17 18 16 15 26 25 28 27 21 22 23 24 0 2 1 4 3 5 6 7 11 10 9 8 15 16 18 17 12 13 14
228 2 182 5 1 0 2 3 5 4 8 9 6 7 11 10 12 14 13 19 20 18 17 16 15 26 25 28 27 21 22 23 24 0 2 1 4 3 5 6 7 11 10 9 8 15 16 18 17 12 13 14
229 2 183 6 1 0 2 3 5 4 8 9 6 7 11 10 12 14 13 17 18 20 19 16 15 25 26 28 27 21 22 23 24 0 2 1 4 3 5 6 7 10 11 9 8 15 16 18 17 12 13 14
230 2 184 5 1 0 2 3 5 4 8 9 6 7 11 10 12 14 13 20 19 17 18 16 15 26 25 28 27 21 22 23 24 0 2 1 4 3 5 6 7 11 10 9 8 15 16 18 17 12 13 14
231 2 185 5 1 0 2 3 5 4 8 9 6 7 11 10 12 14 13 20 19 18 17 16 15 26 25 28 27 21 22 23 24 0 2 1 4 3 5 6 7 11 10 9 8 15 16 18 17 12 13 14
232 2 186 6 1 0 2 3 5 4 8 9 6 7 11 10 12 14 13 19 20 18 17 16 15 26 25 27 28 21 22 23 24 0 2 1 4 3 5 6 7 11 10 9 8 16 15 17 18 12 13 14
233 2 187 5 1 0 2 3 5 4 9 8 6 7 11 10 12 14 13 19 20 17 18 16 15 25 27 26 28 21 22 23 24 0 2 1 4 3 5 6 7 11 10 9 8 17 18 15 16 12 13 14
234 2 188 5 1 0 2 3 5 4 9 8 6 7 11 10 12 14 13 19 20 17 18 16 15 25 27 28 26 21 22 23 24 0 2 1 4 3 5 6 7 11 10 9 8 17 18 15 16 12 13 14
235 2 189 5 1 0 2 3 5 4 9 8 6 7 11 10 12 14 13 19 20 17 18 16 15 27 25 26 28 21 22 23 24 0 2 1 4 3 5 6 7 11 10 9 8 17 18 15 16 12 13 14
236 2 190 5 1 0 2 3 5 4 9 8 6 7 11 10 12 14 13 19 20 17 18 16 15 27 25 28 26 21 22 23 24 0 2 1 4 3 5 6 7 11 10 9 8 17 18 15 16 12 13 14
237 2 191 5 1 0 2 3 5 4 9 8 6 7 11 10 12 14 13 19 20 18 17 16 15 25 27 26 28 21 22 23 24 0 2 1 4 3 5 6 7 11 10 9 8 17 18 15 16 12 13 14
238 2 192 5 1 0 2 3 5 4 9 8 6 7 11 10 12 14 13 19 20 18 17 16 15 25 27 28 26 21 22 23 24 0 2 1 4 3 5 6 7 11 10 9 8 17 18 15 16 12 13 14
239 2 193 5 1 0 2 3 5 4 9 8 6 7 11 10 12 14 13 19 20 18 17 16 15 27 25 26 28 21 22 23 24 0 2 1 4 3 5 6 7 11 10 9 8 17 18 15 16 12 13 14
240 2 194 5 1 0 2 3 5 4 9 8 6 7 11 10 12 14 13 19 20 18 17 16 15 27 25 28 26 21 22 23 24 0 2 1 4 3 5 6 7 11 10 9 8 17 18 15 16 12 13 14
241 2 195 5 1 0 2 3 5 4 9 8 6 7 11 10 12 14 13 20 19 17 18 16 15 25 27 26 28 21 22 23 24 0 2 1 4 3 5 6 7 11 10 9 8 17 18 15 16 12 13 14
242 2 196 5 1 0 2 3 5 4 9 8 6 7 11 10 12 14 13 20 19 17 18 16 15 25 27 28 26 21 22 23 24 0 2 1 4 3 5 6 7 11 10 9 8 17 18 15 16 12 13 14
243 2 197 5 1 0 2 3 5 4 9 8 6 7 11 10 12 14 13 20 19 17 18 16 15 27 25 26 28 21 22 23 24 0 2 1 4 3 5 6 7 11 10 9 8 17 18 15 16 12 13 14
244 2 198 5 1 0 2 3 5 4 9 8 6 7 11 10 12 14 13 20 19 17 18 16 15 27 25 28 26 21 22 23 24 0 2 1 4 3 5 6 7 11 10 9 8 17 18 15 16 12 13 14
245 2 199 5 1 0 2 3 5 4 9 8 6 7 11 10 12 14 13 20 19 18 17 16 15 25 27 26 28 21 22 23 24 0 2 1 4 3 5 6 7 11 10 9 8 17 18 15 16 12 13 14
246 2 200 5 1 0 2 3 5 4 9 8 6 7 11 10 12 14 13 20 19 18 17 16 15 25 27 28 26 21 22 23 24 0 2 1 4 3 5 6 7 11 10 9 8 17 18 15 16 12 13 14
247 2 201 5 1 0 2 3 5 4 9 8 6 7 11 10 12 14 13 20 19 18 17 16 15 27 25 26 28 21 22 23 24 0 2 1 4 3 5 6 7 11 10 9 8 17 18 15 16 12 13 14
248 2 202 5 1 0 2 3 5 4 9 8 6 7 11 10 12 14 13 20 19 18 17 16 15 27 25 28 26 21 22 23 24 0 2 1 4 3 5 6 7 11 10 9 8 17 18 15 16 12 13 14
249 2 203 5 1 0 2 3 5 4 8 9 7 6 11 10 12 14 13 19 20 17 18 16 15 26 25 28 27 21 23 22 24 0 2 1 4 3 5 6 7 11 10 9 8 15 16 18 17 13 14 12
250 2 204 5 1 0 2 3 5 4 8 9 7 6 11 10 12 14 13 19 20 17 18 16 15 26 25 28 27 22 24 23 21 0 2 1 4 3 5 6 7 11 10 9 8 15 16 18 17 14 13 12
251 2 205 5 1 0 2 3 5 4 8 9 7 6 11 10 12 14 13 19 20 17 18 16 15 26 25 28 27 24 22 21 23 0 2 1 4 3 5 6 7 11 10 9 8 15 16 18 17 14 13 12
252 2 206 5 1 0 2 3 5 4 8 9 7 6 11 10 12 14 13 19 20 17 18 16 15 26 25 28 27 24 22 23 21 0 2 1 4 3 5 6 7 11 10 9 8 15 16 18 17 14 13 12
253 2 207 5 1 0 2 3 5 4 8 9 7 6 11 10 12 14 13 19 20 18 17 16 15 26 25 28 27 21 23 22 24 0 2 1 4 3 5 6 7 11 10 9 8 15 16 18 17 13 14 12
254 2 208 5 1 0 2 3 5 4 8 9 7 6 11 10 12 14 13 19 20 18 17 16 15 26 25 28 27 22 24 23 21 0 2 1 4 3 5 6 7 11 10 9 8 15 16 18 17 14 13 12
255 2 209 5 1 0 2 3 5 4 8 9 7 6 11 10 12 14 13 19 20 18 17 16 15 26 25 28 27 24 22 21 23 0 2 1 4 3 5 6 7 11 10 9 8 15 16 18 17 14 13 12
256 2 210 5 1 0 2 3 5 4 8 9 7 6 11 10 12 14 13 19 20 18 17 16 15 26 25 28 27 24 22 23 21 0 2 1 4 3 5 6 7 11 10 9 8 15 16 18 17 14 13 12
257 2 211 6 1 0 2 3 5 4 8 9 7 6 11 10 12 14 13 17 18 20 19 16 15 25 26 28 27 21 23 22 24 0 2 1 4 3 5 6 7 10 11 9 8 15 16 18 17 13 14 12
258 2 212 6 1 0 2 3 5 4 8 9 7 6 11 10 12 14 13 17 18 20 19 16 15 25 26 28 27 22 24 23 21 0 2 1 4 3 5 6 7 10 11 9 8 15 16 18 17 14 13 12
259 2 213 6 1 0 2 3 5 4 8 9 7 6 11 10 12 14 13 17 18 20 19 16 15 25 26 28 27 24 22 21 23 0 2 1 4 3 5 6 7 10 11 9 8 15 16 18 17 14 13 12
260 2 214 6 1 0 2 3 5 4 8 9 7 6 11 10 12 14 13 17 18 20 19 16 15 25 26 28 27 24 22 23 21 0 2 1 4 3 5 6 7 10 11 9 8 15 16 18 17 14 13 12
261 2 215 5 1 0 2 3 5 4 8 9 7 6 11 10 12 14 13 20 19 17 18 16 15 26 25 28 27 21 23 22 24 0 2 1 4 3 5 6 7 11 10 9 8 15 16 18 17 13 14 12
262 2 216 5 1 0 2 3 5 4 8 9 7 6 11 10 12 14 13 20 19 17 18 16 15 26 25 28 27 22 24 23 21 0 2 1 4 3 5 6 7 11 10 9 8 15 16 18 17 14 13 12
263 2 217 5 1 0 2 3 5 4 8 9 7 6 11 10 12 14 13 20 19 17 18 16 15 26 25 28 27 24 22 21 23 0 2 1 4 3 5 6 7 11 10 9 8 15 16 18 17 14 13 12
264 2 218 5 1 0 2 3 5 4 8 9 7 6 11 10 12 14 13 20 19 17 18 16 15 26 25 28 27 24 22 23 21 0 2 1 4 3 5 6 7 11 10 9 8 15 16 18 17 14 13 12
265 2 219 5 1 0 2 3 5 4 8 9 7 6 11 10 12 14 13 20 19 18 17 16 15 26 25 28 27 21 23 22 24 0 2 1 4 3 5 6 7 11 10 9 8 15 16 18 17 13 14 12
266 2 220 5 1 0 2 3 5 4 8 9 7 6 11 10 12 14 13 20 19 18 17 16 15 26 25 28 27 22 24 23 21 0 2 1 4 3 5 6 7 11 10 9 8 15 16 18 17 14 13 12
267 2 221 5 1 0 2 3 5 4 8 9 7 6 11 10 12 14 13 20 19 18 17 16 15 26 25 28 27 24 22 21 23 0 2 1 4 3 5 6 7 11 10 9 8 15 16 18 17 14 13 12
268 2 222 5 1 0 2 3 5 4 8 9 7 6 11 10 12 14 13 20 19 18 17 16 15 26 25 28 27 24 22 23 21 0 2 1 4 3 5 6 7 11 10 9 8 15 16 18 17 14 13 12
269 2 223 6 1 0 2 3 5 4 8 9 7 6 11 10 12 14 13 19 20 18 17 16 15 26 25 27 28 21 23 22 24 0 2 1 4 3 5 6 7 11 10 9 8 16 15 17 18 13 14 12
270 2 224 6 1 0 2 3 5 4 8 9 7 6 11 10 12 14 13 19 20 18 17 16 15 26 25 27 28 22 24 23 21 0 2 1 4 3 5 6 7 11 10 9 8 16 15 17 18 14 13 12
271 2 225 6 1 0 2 3 5 4 8 9 7 6 11 10 12 14 13 19 20 18 17 16 15 26 25 27 28 24 22 21 23 0 2 1 4 3 5 6 7 11 10 9 8 16 15 17 18 14 13 12
272 2 226 6 1 0 2 3 5 4 8 9 7 6 11 10 12 14 13 19 20 18 17 16 15 26 25 27 28 24 22 23 21 0 2 1 4 3 5 6 7 11 10 9 8 16 15 17 18 14 13 12
273 2 227 5 1 0 2 3 5 4 9 8 7 6 11 10 12 14 13 19 20 17 18 16 15 25 27 26 28 21 23 22 24 0 2 1 4 3 5 6 7 11 10 9 8 17 18 15 16 13 14 12
274 2 228 5 1 0 2 3 5 4 9 8 7 6 11 10 12 14 13 19 20 17 18 16 15 25 27 26 28 22 24 23 21 0 2 1 4 3 5 6 7 11 10 9 8 17 18 15 16 14 13 12
275 2 229 5 1 0 2 3 5 4 9 8 7 6 11 10 12 14 13 19 20 17 18 16 15 25 27 26 28 24 22 21 23 0 2 1 4 3 5 6 7 11 10 9 8 17 18 15 16 14 13 12
276 2 230 5 1 0 2 3 5 4 9 8 7 6 11 10 12 14 13 19 20 17 18 16 15 25 27 26 28 24 22 23 21 0 2 1 4 3 5 6 7 11 10 9 8 17 18 15 16 14 13 12
277 2 231 5 1 0 2 3 5 4 9 8 7 6 11 10 12 14 13 19 20 17 18 16 15 25 27 28 26 21 23 22 24 0 2 1 4 3 5 6 7 11 10 9 8 17 18 15 16 13 14 12
278 2 232 5 1 0 2 3 5 4 9 8 7 6 11 10 12 14 13 19 20 17 18 16 15 25 27 28 26 22 24 23 21 0 2 1 4 3 5 6 7 11 10 9 8 17 18 15 16 14 13 12
279 2 233 5 1 0 2 3 5 4 9 8 7 6 11 10 12 14 13 19 20 17 18 16 15 25 27 28 26 24 22 21 23 0 2 1 4 3 5 6 7 11 10 9 8 17 18 15 16 14 13 12
280 2 234 5 1 0 2 3 5 4 9 8 7 6 11 10 12 14 13 19 20 17 18 16 15 25 27 28 26 24 22 23 21 0 2 1 4 3 5 6 7 11 10 9 8 17 18 15 16 14 13 12
281 2 235 5 1 0 2 3 5 4 9 8 7 6 11 10 12 14 13 19 20 17 18 16 15 27 25 26 28 21 23 22 24 0 2 1 4 3 5 6 7 11 10 9 8 17 18 15 16 13 14 12
282 2 236 5 1 0 2 3 5 4 9 8 7 6 11 10 12 14 13 19 20 17 18 16 15 27 25 26 28 22 24 23 21 0 2 1 4 3 5 6 7 11 10 9 8 17 18 15 16 14 13 12
283 2 237 5 1 0 2 3 5 4 9 8 7 6 11 10 12 14 13 19 20 17 18 16 15 27 25 26 28 24 22 21 23 0 2 1 4 3 5 6 7 11 10 9 8 17 18 15 16 14 13 12
284 2 238 5 1 0 2 3 5 4 9 8 7 6 11 10 12 14 13 19 20 17 18 16 15 27 25 26 28 24 22 23 21 0 2 1 4 3 5 6 7 11 10 9 8 17 18 15 16 14 13 12
285 2 239 5 1 0 2 3 5 4 9 8 7 6 11 10 12 14 13 19 20 17 18 16 15 27 25 28 26 21 23 22 24 0 2 1 4 3 5 6 7 11 10 9 8 17 18 15 16 13 14 12
286 2 240 5 1 0 2 3 5 4 9 8 7 6 11 10 12 14 13 19 20 17 18 16 15 27 25 28 26 22 24 23 21 0 2 1 4 3 5 6 7 11 10 9 8 17 18 15 16 14 13 12
287 2 241 5 1 0 2 3 5 4 9 8 7 6 11 10 12 14 13 19 20 17 18 16 15 27 25 28 26 24 22 21 23 0 2 1 4 3 5 6 7 11 10 9 8 17 18 15 16 14 13 12
288 2 242 5 1 0 2 3 5 4 9 8 7 6 11 10 12 14 13 19 20 17 18 16 15 27 25 28 26 24 22 23 21 0 2 1 4 3 5 6 7 11 10 9 8 17 18 15 16 14 13 12
289 2 243 5 1 0 2 3 5 4 9 8 7 6 11 10 12 14 13 19 20 18 17 16 15 25 27 26 28 21 23 22 24 0 2 1 4 3 5 6 7 11 10 9 8 17 18 15 16 13 14 12
290 2 244 5 1 0 2 3 5 4 9 8 7 6 11 10 12 14 13 19 20 18 17 16 15 25 27 26 28 22 24 23 21 0 2 1 4 3 5 6 7 11 10 9 8 17 18 15 16 14 13 12
291 2 245 5 1 0 2 3 5 4 9 8 7 6 11 10 12 14 13 19 20 18 17 16 15 25 27 26 28 24 22 21 23 0 2 1 4 3 5 6 7 11 10 9 8 17 18 15 16 14 13 12
292 2 246 5 1 0 2 3 5 4 9 8 7 6 11 10 12 14 13 19 20 18 17 16 15 25 27 26 28 24 22 23 21 0 2 1 4 3 5 6 7 11 10 9 8 17 18 15 16 14 13 12
293 2 247 5 1 0 2 3 5 4 9 8 7 6 11 10 12 14 13 19 20 18 17 16 15 25 27 28 26 21 23 22 24 0 2 1 4 3 5 6 7 11 10 9 8 17 18 15 16 13 14 12
294 2 248 5 1 0 2 3 5 4 9 8 7 6 11 10 12 14 13 19 20 18 17 16 15 25 27 28 26 22 24 23 21 0 2 1 4 3 5 6 7 11 10 9 8 17 18 15 16 14 13 12
295 2 249 5 1 0 2 3 5 4 9 8 7 6 11 10 12 14 13 19 20 18 17 16 15 25 27 28 26 24 22 21 23 0 2 1 4 3 5 6 7 11 10 9 8 17 18 15 16 14 13 12
296 2 250 5 1 0 2 3 5 4 9 8 7 6 11 10 12 14 13 19 20 18 17 16 15 25 27 28 26 24 22 23 21 0 2 1 4 3 5 6 7 11 10 9 8 17 18 15 16 14 13 12
297 2 251 5 1 0 2 3 5 4 9 8 7 6 11 10 12 14 13 19 20 18 17 16 15 27 25 26 28 21 23 22 24 0 2 1 4 3 5 6 7 11 10 9 8 17 18 15 16 13 14 12
298 2 252 5 1 0 2 3 5 4 9 8 7 6 11 10 12 14 13 19 20 18 17 16 15 27 25 26 28 22 24 23 21 0 2 1 4 3 5 6 7 11 10 9 8 17 18 15 16 14 13 12
299 2 253 5 1 0 2 3 5 4 9 8 7 6 11 10 12 14 13 19 20 18 17 16 15 27 25 26 28 24 22 21 23 0 2 1 4 3 5 6 7 11 10 9 8 17 18 15 16 14 13 12
300 2 254 5 1 0 2 3 5 4 9 8 7 6 11 10 12 14 13 19 20 18 17 16 15 27 25 26 28 24 22 23 21 0 2 1 4 3 5 6 7 11 10 9 8 17 18 15 16 14 13 12
301 2 255 5 1 0 2 3 5 4 9 8 7 6 11 10 12 14 13 19 20 18 17 16 15 27 25 28 26 21 23 22 24 0 2 1 4 3 5 6 7 11 10 9 8 17 18 15 16 13 14 12
302 2 256 5 1 0 2 3 5 4 9 8 7 6 11 10 12 14 13 19 20 18 17 16 15 27 25 28 26 22 24 23 21 0 2 1 4 3 5 6 7 11 10 9 8 17 18 15 16 14 13 12
303 2 257 5 1 0 2 3 5 4 9 8 7 6 11 10 12 14 13 19 20 18 17 16 15 27 25 28 26 24 22 21 23 0 2 1 4 3 5 6 7 11 10 9 8 17 18 15 16 14 13 12
304 2 258 5 1 0 2 3 5 4 9 8 7 6 11 10 12 14 13 19 20 18 17 16 15 27 25 28 26 24 22 23 21 0 2 1 4 3 5 6 7 11 10 9 8 17 18 15 16 14 13 12
305 2 259 5 1 0 2 3 5 4 9 8 7 6 11 10 12 14 13 20 19 17 18 16 15 25 27 26 28 21 23 22 24 0 2 1 4 3 5 6 7 11 10 9 8 17 18 15 16 13 14 12
306 2 260 5 1 0 2 3 5 4 9 8 7 6 11 10 12 14 13 20 19 17 18 16 15 25 27 26 28 22 24 23 21 0 2 1 4 3 5 6 7 11 10 9 8 17 18 15 16 14 13 12
307 2 261 5 1 0 2 3 5 4 9 8 7 6 11 10 12 14 13 20 19 17 18 16 15 25 27 26 28 24 22 21 23 0 2 1 4 3 5 6 7 11 10 9 8 17 18 15 16 14 13 12
308 2 262 5 1 0 2 3 5 4 9 8 7 6 11 10 12 14 13 20 19 17 18 16 15 25 27 26 28 24 22 23 21 0 2 1 4 3 5 6 7 11 10 9 8 17 18 15 16 14 13 12
309 2 263 5 1 0 2 3 5 4 9 8 7 6 11 10 12 14 13 20 19 17 18 16 15 25 27 28 26 21 23 22 24 0 2 1 4 3 5 6 7 11 10 9 8 17 18 15 16 13 14 12
310 2 264 5 1 0 2 3 5 4 9 8 7 6 11 10 12 14 13 20 19 17 18 16 15 25 27 28 26 22 24 23 21 0 2 1 4 3 5 6 7 11 10 9 8 17 18 15 16 14 13 12
311 2 265 5 1 0 2 3 5 4 9 8 7 6 11 10 12 14 13 20 19 17 18 16 15 25 27 28 26 24 22 21 23 0 2 1 4 3 5 6 7 11 10 9 8 17 18 15 16 14 13 12
312 2 266 5 1 0 2 3 5 4 9 8 7 6 11 10 12 14 13 20 19 17 18 16 15 25 27 28 26 24 22 23 21 0 2 1 4 3 5 6 7 11 10 9 8 17 18 15 16 14 13 12
313 2 267 5 1 0 2 3 5 4 9 8 7 6 11 10 12 14 13 20 19 17 18 16 15 27 25 26 28 21 23 22 24 0 2 1 4 3 5 6 7 11 10 9 8 17 18 15 16 13 14 12
314 2 268 5 1 0 2 3 5 4 9 8 7 6 11 10 12 14 13 20 19 17 18 16 15 27 25 26 28 22 24 23 21 0 2 1 4 3 5 6 7 11 10 9 8 17 18 15 16 14 13 12
315 2 269 5 1 0 2 3 5 4 9 8 7 6 11 10 12 14 13 20 19 17 18 16 15 27 25 26 28 24 22 21 23 0 2 1 4 3 5 6 7 11 10 9 8 17 18 15 16 14 13 12
316 2 270 5 1 0 2 3 5 4 9 8 7 6 11 10 12 14 13 20 19 17 18 16 15 27 25 26 28 24 22 23 21 0 2 1 4 3 5 6 7 11 10 9 8 17 18 15 16 14 13 12
317 2 271 5 1 0 2 3 5 4 9 8 7 6 11 10 12 14 13 20 19 17 18 16 15 27 25 28 26 21 23 22 24 0 2 1 4 3 5 6 7 11 10 9 8 17 18 15 16 13 14 12
318 2 272 5 1 0 2 3 5 4 9 8 7 6 11 10 12 14 13 20 19 17 18 16 15 27 25 28 26 22 24 23 21 0 2 1 4 3 5 6 7 11 10 9 8 17 18 15 16 14 13 12
319 2 273 5 1 0 2 3 5 4 9 8 7 6 11 10 12 14 13 20 19 17 18 16 15 27 25 28 26 24 22 21 23 0 2 1 4 3 5 6 7 11 10 9 8 17 18 15 16 14 13 12
320 2 274 5 1 0 2 3 5 4 9 8 7 6 11 10 12 14 13 20 19 17 18 16 15 27 25 28 26 24 22 23 21 0 2 1 4 3 5 6 7 11 10 9 8 17 18 15 16 14 13 12
321 2 275 5 1 0 2 3 5 4 9 8 7 6 11 10 12 14 13 20 19 18 17 16 15 25 27 26 28 21 23 22 24 0 2 1 4 3 5 6 7 11 10 9 8 17 18 15 16 13 14 12
322 2 276 5 1 0 2 3 5 4 9 8 7 6 11 10 12 14 13 20 19 18 17 16 15 25 27 26 28 22 24 23 21 0 2 1 4 3 5 6 7 11 10 9 8 17 18 15 16 14 13 12
323 2 277 5 1 0 2 3 5 4 9 8 7 6 11 10 12 14 13 20 19 18 17 16 15 25 27 26 28 24 22 21 23 0 2 1 4 3 5 6 7 11 10 9 8 17 18 15 16 14 13 12
324 2 278 5 1 0 2 3 5 4 9 8 7 6 11 10 12 14 13 20 19 18 17 16 15 25 27 26 28 24 22 23 21 0 2 1 4 3 5 6 7 11 10 9 8 17 18 15 16 14 13 12
325 2 279 5 1 0 2 3 5 4 9 8 7 6 11 10 12 14 13 20 19 18 17 16 15 25 27 28 26 21 23 22 24 0 2 1 4 3 5 6 7 11 10 9 8 17 18 15 16 13 14 12
326 2 280 5 1 0 2 3 5 4 9 8 7 6 11 10 12 14 13 20 19 18 17 16 15 25 27 28 26 22 24 23 21 0 2 1 4 3 5 6 7 11 10 9 8 17 18 15 16 14 13 12
327 2 281 5 1 0 2 3 5 4 9 8 7 6 11 10 12 14 13 20 19 18 17 16 15 25 27 28 26 24 22 21 23 0 2 1 4 3 5 6 7 11 10 9 8 17 18 15 16 14 13 12
328 2 282 5 1 0 2 3 5 4 9 8 7 6 11 10 12 14 13 20 19 18 17 16 15 25 27 28 26 24 22 23 21 0 2 1 4 3 5 6 7 11 10 9 8 17 18 15 16 14 13 12
329 2 283 5 1 0 2 3 5 4 9 8 7 6 11 10 12 14 13 20 19 18 17 16 15 27 25 26 28 21 23 22 24 0 2 1 4 3 5 6 7 11 10 9 8 17 18 15 16 13 14 12
330 2 284 5 1 0 2 3 5 4 9 8 7 6 11 10 12 14 13 20 19 18 17 16 15 27 25 26 28 22 24 23 21 0 2 1 4 3 5 6 7 11 10 9 8 17 18 15 16 14 13 12
331 2 285 5 1 0 2 3 5 4 9 8 7 6 11 10 12 14 13 20 19 18 17 16 15 27 25 26 28 24 22 21 23 0 2 1 4 3 5 6 7 11 10 9 8 17 18 15 16 14 13 12
332 2 286 5 1 0 2 3 5 4 9 8 7 6 11 10 12 14 13 20 19 18 17 16 15 27 25 26 28 24 22 23 21 0 2 1 4 3 5 6 7 11 10 9 8 17 18 15 16 14 13 12
333 2 287 5 1 0 2 3 5 4 9 8 7 6 11 10 12 14 13 20 19 18 17 16 15 27 25 28 26 21 23 22 24 0 2 1 4 3 5 6 7 11 10 9 8 17 18 15 16 13 14 12
334 2 288 5 1 0 2 3 5 4 9 8 7 6 11 10 12 14 13 20 19 18 17 16 15 27 25 28 26 22 24 23 21 0 2 1 4 3 5 6 7 11 10 9 8 17 18 15 16 14 13 12
335 2 289 5 1 0 2 3 5 4 9 8 7 6 11 10 12 14 13 20 19 18 17 16 15 27 25 28 26 24 22 21 23 0 2 1 4 3 5 6 7 11 10 9 8 17 18 15 16 14 13 12
336 2 290 5 1 0 2 3 5 4 9 8 7 6 11 10 12 14 13 20 19 18 17 16 15 27 25 28 26 24 22 23 21 0 2 1 4 3 5 6 7 11 10 9 8 17 18 15 16 14 13 12
